Sample,Learner,Weight
Sample 0,Timer,0.5387269854545593
Sample 0,Chronos,0.4612730145454407
Sample 1,Chronos,0.5016006827354431
Sample 1,TimesFM,0.4983993470668793
Sample 2,Time-MoE,0.5365480780601501
Sample 2,Chronos,0.46345198154449463
Sample 3,Moirai,0.5056785345077515
Sample 3,TimesFM,0.4943214952945709
Sample 4,Chronos,0.604131817817688
Sample 4,TimesFM,0.3958681523799896
Sample 5,Time-MoE,0.6851915717124939
Sample 5,TimesFM,0.3148084282875061
Sample 6,Moirai,0.8018072247505188
Sample 6,Timer,0.1981927454471588
Sample 7,Chronos,0.646260678768158
Sample 7,Timer,0.3537393808364868
Sample 8,TimesFM,0.7034851908683777
Sample 8,Time-MoE,0.2965148091316223
Sample 9,Moirai,0.5890184044837952
Sample 9,Chronos,0.4109816253185272
Sample 10,TimesFM,0.595908522605896
Sample 10,Moirai,0.4040915071964264
Sample 11,Chronos,0.522019624710083
Sample 11,Moirai,0.4779803454875946
Sample 12,TimesFM,0.5087840557098389
Sample 12,Moirai,0.49121588468551636
Sample 13,Time-MoE,0.6420332193374634
Sample 13,Chronos,0.35796675086021423
Sample 14,Moirai,0.5294537544250488
Sample 14,Chronos,0.4705462157726288
Sample 15,Time-MoE,0.5011012554168701
Sample 15,Timer,0.4988987445831299
Sample 16,Time-MoE,0.6984910368919373
Sample 16,Timer,0.30150890350341797
Sample 17,Moirai,0.6740634441375732
Sample 17,TimesFM,0.32593655586242676
Sample 18,Time-MoE,0.6098611950874329
Sample 18,Moirai,0.3901388347148895
Sample 19,Time-MoE,0.5250043869018555
Sample 19,Chronos,0.4749956727027893
Sample 20,TimesFM,0.5058292150497437
Sample 20,Timer,0.49417075514793396
Sample 21,Time-MoE,0.5266981720924377
Sample 21,Timer,0.47330179810523987
Sample 22,TimesFM,0.6532905101776123
Sample 22,Chronos,0.34670954942703247
Sample 23,Timer,0.7915428280830383
Sample 23,Chronos,0.20845720171928406
Sample 24,Moirai,0.7691752910614014
Sample 24,TimesFM,0.23082469403743744
Sample 25,Moirai,0.5012825727462769
Sample 25,TimesFM,0.49871745705604553
Sample 26,Time-MoE,0.8281778693199158
Sample 26,Timer,0.17182207107543945
Sample 27,Time-MoE,0.5591754913330078
Sample 27,Timer,0.4408245086669922
Sample 28,Moirai,0.5005326867103577
Sample 28,TimesFM,0.4994673728942871
Sample 29,TimesFM,0.6929589509963989
Sample 29,Moirai,0.30704110860824585
Sample 30,Time-MoE,0.5272390842437744
Sample 30,TimesFM,0.4727609157562256
Sample 31,TimesFM,0.5368322730064392
Sample 31,Time-MoE,0.4631676971912384
Sample 0,Timer,0.629807710647583
Sample 0,Moirai,0.3701922595500946
Sample 1,Time-MoE,0.5202007293701172
Sample 1,Chronos,0.4797992408275604
Sample 2,Chronos,0.65639328956604
Sample 2,TimesFM,0.34360674023628235
Sample 3,Chronos,0.6160222887992859
Sample 3,TimesFM,0.3839777112007141
Sample 4,Chronos,0.5533130764961243
Sample 4,Timer,0.44668689370155334
Sample 5,Chronos,0.6580265164375305
Sample 5,Timer,0.34197351336479187
Sample 6,Time-MoE,0.5227478742599487
Sample 6,Timer,0.47725215554237366
Sample 7,Moirai,0.5730960965156555
Sample 7,Time-MoE,0.42690393328666687
Sample 8,Moirai,0.5376871824264526
Sample 8,Timer,0.46231281757354736
Sample 9,Chronos,0.5684843063354492
Sample 9,TimesFM,0.4315156638622284
Sample 10,Moirai,0.6178308129310608
Sample 10,Chronos,0.3821692168712616
Sample 11,Moirai,0.5722958445549011
Sample 11,Chronos,0.4277041554450989
Sample 12,Moirai,0.5145860314369202
Sample 12,Time-MoE,0.48541396856307983
Sample 13,TimesFM,0.576982855796814
Sample 13,Chronos,0.42301711440086365
Sample 14,TimesFM,0.7126498818397522
Sample 14,Timer,0.2873501181602478
Sample 15,Moirai,0.6189970970153809
Sample 15,TimesFM,0.38100293278694153
Sample 16,Moirai,0.820624053478241
Sample 16,Chronos,0.17937597632408142
Sample 17,Time-MoE,0.512407124042511
Sample 17,Chronos,0.487592875957489
Sample 18,Moirai,0.6058158874511719
Sample 18,TimesFM,0.3941841423511505
Sample 19,Chronos,0.6558499932289124
Sample 19,Timer,0.34415000677108765
Sample 20,Chronos,0.545555830001831
Sample 20,TimesFM,0.4544442296028137
Sample 21,Chronos,0.644496500492096
Sample 21,TimesFM,0.3555034399032593
Sample 22,Time-MoE,0.5784019231796265
Sample 22,TimesFM,0.42159804701805115
Sample 23,Timer,0.552634060382843
Sample 23,Moirai,0.4473659098148346
Sample 24,Time-MoE,0.767117977142334
Sample 24,TimesFM,0.23288199305534363
Sample 25,TimesFM,0.5384011268615723
Sample 25,Chronos,0.46159884333610535
Sample 26,Chronos,0.5373327136039734
Sample 26,Time-MoE,0.4626672863960266
Sample 27,Chronos,0.6046097874641418
Sample 27,Timer,0.39539024233818054
Sample 28,Time-MoE,0.5563094615936279
Sample 28,TimesFM,0.4436905086040497
Sample 29,Time-MoE,0.6145513653755188
Sample 29,Chronos,0.3854486346244812
Sample 30,Moirai,0.7827169895172119
Sample 30,Timer,0.2172829657793045
Sample 31,Timer,0.9178988933563232
Sample 31,TimesFM,0.08210112899541855
Sample 0,Timer,0.5767815113067627
Sample 0,TimesFM,0.4232184588909149
Sample 1,Chronos,0.5958248972892761
Sample 1,Timer,0.4041750729084015
Sample 2,Chronos,0.6243253350257874
Sample 2,Time-MoE,0.37567466497421265
Sample 3,Time-MoE,0.5558245778083801
Sample 3,Timer,0.4441753923892975
Sample 4,Chronos,0.5940170884132385
Sample 4,Time-MoE,0.4059828817844391
Sample 5,Moirai,0.5315678715705872
Sample 5,Chronos,0.46843215823173523
Sample 6,Timer,0.5480219125747681
Sample 6,TimesFM,0.45197802782058716
Sample 7,Time-MoE,0.7495463490486145
Sample 7,Moirai,0.2504535913467407
Sample 8,Moirai,0.5025946497917175
Sample 8,Time-MoE,0.49740535020828247
Sample 9,TimesFM,0.5509770512580872
Sample 9,Chronos,0.44902294874191284
Sample 10,Chronos,0.6982815265655518
Sample 10,Moirai,0.301718533039093
Sample 11,Moirai,0.6262163519859314
Sample 11,TimesFM,0.37378358840942383
Sample 12,Timer,0.5771539211273193
Sample 12,Time-MoE,0.42284610867500305
Sample 13,Chronos,0.6663125157356262
Sample 13,Timer,0.3336874842643738
Sample 14,Chronos,0.5186159610748291
Sample 14,Time-MoE,0.4813840389251709
Sample 15,Moirai,0.534029483795166
Sample 15,Timer,0.4659704864025116
Sample 16,Chronos,0.6577959060668945
Sample 16,TimesFM,0.34220409393310547
Sample 17,TimesFM,0.5337604284286499
Sample 17,Chronos,0.4662395417690277
Sample 18,TimesFM,0.8328202962875366
Sample 18,Moirai,0.16717976331710815
Sample 19,Timer,0.5802639722824097
Sample 19,Chronos,0.41973599791526794
Sample 20,Moirai,0.5063952803611755
Sample 20,Chronos,0.49360474944114685
Sample 21,Time-MoE,0.5375137329101562
Sample 21,Chronos,0.46248629689216614
Sample 22,TimesFM,0.9119604229927063
Sample 22,Time-MoE,0.08803960680961609
Sample 23,Moirai,0.5509294867515564
Sample 23,Time-MoE,0.449070543050766
Sample 24,Moirai,0.9695072174072266
Sample 24,Timer,0.03049277886748314
Sample 25,Chronos,0.5388675928115845
Sample 25,Timer,0.4611324071884155
Sample 26,Chronos,0.5327780246734619
Sample 26,Moirai,0.4672219455242157
Sample 27,Time-MoE,0.5720973014831543
Sample 27,Moirai,0.4279027283191681
Sample 28,Timer,0.6461796760559082
Sample 28,Time-MoE,0.3538203537464142
Sample 29,Chronos,0.5156774520874023
Sample 29,Timer,0.48432254791259766
Sample 30,Chronos,0.6896066069602966
Sample 30,Timer,0.310393363237381
Sample 31,Time-MoE,0.6523318886756897
Sample 31,Chronos,0.3476680815219879
Sample 0,TimesFM,0.5664055347442627
Sample 0,Moirai,0.4335944652557373
Sample 1,Chronos,0.7617424726486206
Sample 1,Timer,0.238257497549057
Sample 2,TimesFM,0.5529650449752808
Sample 2,Time-MoE,0.44703495502471924
Sample 3,Moirai,0.6781423687934875
Sample 3,TimesFM,0.32185763120651245
Sample 4,Moirai,0.508317232131958
Sample 4,Timer,0.4916827976703644
Sample 5,Chronos,0.8317318558692932
Sample 5,Time-MoE,0.168268084526062
Sample 6,Moirai,0.7126989960670471
Sample 6,Timer,0.2873010039329529
Sample 7,Chronos,0.6133444905281067
Sample 7,Moirai,0.3866555392742157
Sample 8,Chronos,0.6935574412345886
Sample 8,Moirai,0.3064424991607666
Sample 9,Chronos,0.6079170107841492
Sample 9,TimesFM,0.39208295941352844
Sample 10,TimesFM,0.80680912733078
Sample 10,Chronos,0.19319088757038116
Sample 11,Chronos,0.5243747234344482
Sample 11,TimesFM,0.47562524676322937
Sample 12,Time-MoE,0.6036675572395325
Sample 12,Moirai,0.3963324725627899
Sample 13,Chronos,0.6684024930000305
Sample 13,Timer,0.3315974771976471
Sample 14,TimesFM,0.5620071887969971
Sample 14,Time-MoE,0.43799278140068054
Sample 15,Time-MoE,0.8254619836807251
Sample 15,Chronos,0.1745380163192749
Sample 16,Moirai,0.5016498565673828
Sample 16,Time-MoE,0.4983501434326172
Sample 17,Chronos,0.7042893171310425
Sample 17,Timer,0.2957106828689575
Sample 18,TimesFM,0.5058006644248962
Sample 18,Time-MoE,0.49419930577278137
Sample 19,Moirai,0.5628418326377869
Sample 19,Chronos,0.43715813755989075
Sample 20,Moirai,0.5624165534973145
Sample 20,Time-MoE,0.43758341670036316
Sample 21,Chronos,0.6350287795066833
Sample 21,TimesFM,0.36497119069099426
Sample 22,TimesFM,0.527144193649292
Sample 22,Time-MoE,0.4728558361530304
Sample 23,Time-MoE,0.7396596074104309
Sample 23,Timer,0.2603403925895691
Sample 24,Time-MoE,0.8522340655326843
Sample 24,TimesFM,0.14776599407196045
Sample 25,Chronos,0.8436700701713562
Sample 25,Moirai,0.1563299000263214
Sample 26,Moirai,0.6236036419868469
Sample 26,Chronos,0.3763963282108307
Sample 27,Chronos,0.6942576766014099
Sample 27,Timer,0.3057423233985901
Sample 28,Moirai,0.6468459963798523
Sample 28,Chronos,0.3531540334224701
Sample 29,TimesFM,0.6684080362319946
Sample 29,Chronos,0.33159196376800537
Sample 30,Chronos,0.5875900983810425
Sample 30,Timer,0.4124099314212799
Sample 31,Time-MoE,0.7094660997390747
Sample 31,Moirai,0.2905339002609253
Sample 0,Time-MoE,0.6662451028823853
Sample 0,Timer,0.3337549567222595
Sample 1,Chronos,0.6680324673652649
Sample 1,Timer,0.3319675326347351
Sample 2,Timer,0.8854476809501648
Sample 2,TimesFM,0.1145523339509964
Sample 3,Chronos,0.5787748694419861
Sample 3,TimesFM,0.4212251305580139
Sample 4,Moirai,0.6241275072097778
Sample 4,TimesFM,0.37587255239486694
Sample 5,Chronos,0.6799163222312927
Sample 5,TimesFM,0.3200836479663849
Sample 6,Chronos,0.7035511136054993
Sample 6,Timer,0.29644888639450073
Sample 7,Moirai,0.7606815695762634
Sample 7,Chronos,0.23931844532489777
Sample 8,Chronos,0.5823059678077698
Sample 8,Time-MoE,0.41769397258758545
Sample 9,Chronos,0.6541029810905457
Sample 9,Timer,0.34589704871177673
Sample 10,Moirai,0.5773574709892273
Sample 10,Time-MoE,0.4226424992084503
Sample 11,Chronos,0.5308114886283875
Sample 11,Timer,0.46918848156929016
Sample 12,Chronos,0.5057787895202637
Sample 12,Moirai,0.49422121047973633
Sample 13,Timer,0.5457959175109863
Sample 13,TimesFM,0.45420408248901367
Sample 14,Chronos,0.7843017578125
Sample 14,Timer,0.2156982570886612
Sample 15,Timer,0.5367948412895203
Sample 15,Moirai,0.46320515871047974
Sample 16,Chronos,0.759939968585968
Sample 16,Time-MoE,0.2400599867105484
Sample 17,Chronos,0.5190054178237915
Sample 17,TimesFM,0.4809946119785309
Sample 18,Chronos,0.6266129612922668
Sample 18,Timer,0.37338703870773315
Sample 19,TimesFM,0.7700832486152649
Sample 19,Chronos,0.2299167662858963
Sample 20,TimesFM,0.8156906366348267
Sample 20,Time-MoE,0.18430939316749573
Sample 21,Chronos,0.6899288892745972
Sample 21,Timer,0.31007108092308044
Sample 22,TimesFM,0.6103196740150452
Sample 22,Timer,0.38968032598495483
Sample 23,Moirai,0.6631843447685242
Sample 23,Time-MoE,0.33681562542915344
Sample 24,Moirai,0.6424577236175537
Sample 24,Time-MoE,0.3575423061847687
Sample 25,Chronos,0.6794126033782959
Sample 25,TimesFM,0.3205873668193817
Sample 26,Chronos,0.8309267163276672
Sample 26,Timer,0.16907331347465515
Sample 27,Chronos,0.768169105052948
Sample 27,Moirai,0.2318309098482132
Sample 28,Moirai,0.8110494017601013
Sample 28,Time-MoE,0.1889505684375763
Sample 29,Chronos,0.6298176646232605
Sample 29,Timer,0.3701823651790619
Sample 30,Chronos,0.5675852298736572
Sample 30,Timer,0.432414710521698
Sample 31,Moirai,0.7584414482116699
Sample 31,Timer,0.24155856668949127
Sample 0,Time-MoE,0.5307668447494507
Sample 0,Chronos,0.46923312544822693
Sample 1,Timer,0.5089879035949707
Sample 1,TimesFM,0.4910120964050293
Sample 2,Time-MoE,0.503588855266571
Sample 2,Moirai,0.49641117453575134
Sample 3,Chronos,0.5078127384185791
Sample 3,Timer,0.4921872615814209
Sample 4,Moirai,0.834733784198761
Sample 4,Time-MoE,0.16526617109775543
Sample 5,Timer,0.5298813581466675
Sample 5,Chronos,0.4701186418533325
Sample 6,TimesFM,0.5737375020980835
Sample 6,Chronos,0.4262625277042389
Sample 7,Moirai,0.8771057724952698
Sample 7,TimesFM,0.12289420515298843
Sample 8,Moirai,0.9732570052146912
Sample 8,Timer,0.026742981746792793
Sample 9,Chronos,0.6931338906288147
Sample 9,Timer,0.3068660795688629
Sample 10,TimesFM,0.5353654026985168
Sample 10,Chronos,0.46463459730148315
Sample 11,Chronos,0.728921115398407
Sample 11,Timer,0.271078884601593
Sample 12,Time-MoE,0.9130706191062927
Sample 12,TimesFM,0.08692939579486847
Sample 13,TimesFM,0.6611400246620178
Sample 13,Timer,0.3388599753379822
Sample 14,Timer,0.5819752812385559
Sample 14,TimesFM,0.4180247485637665
Sample 15,Chronos,0.5690352916717529
Sample 15,Moirai,0.43096473813056946
Sample 16,Moirai,0.6374120712280273
Sample 16,Time-MoE,0.36258789896965027
Sample 17,Chronos,0.6779831051826477
Sample 17,TimesFM,0.32201695442199707
Sample 18,Moirai,0.8094674348831177
Sample 18,Timer,0.1905326098203659
Sample 19,Chronos,0.5591370463371277
Sample 19,TimesFM,0.4408629834651947
Sample 20,Chronos,0.7987769246101379
Sample 20,Timer,0.20122307538986206
Sample 21,Chronos,0.6013043522834778
Sample 21,Timer,0.3986956775188446
Sample 22,Timer,0.6058124303817749
Sample 22,Chronos,0.3941875398159027
Sample 23,Time-MoE,0.595615804195404
Sample 23,Timer,0.40438422560691833
Sample 24,Chronos,0.7035754919052124
Sample 24,Time-MoE,0.2964245080947876
Sample 25,Chronos,0.7916377782821655
Sample 25,Timer,0.20836222171783447
Sample 26,Time-MoE,0.8380539417266846
Sample 26,Chronos,0.16194604337215424
Sample 27,Time-MoE,0.8964792490005493
Sample 27,Timer,0.10352078825235367
Sample 28,TimesFM,0.6967554688453674
Sample 28,Moirai,0.3032445013523102
Sample 29,Timer,0.6507974863052368
Sample 29,Chronos,0.3492024540901184
Sample 30,Time-MoE,0.5082158446311951
Sample 30,TimesFM,0.49178409576416016
Sample 31,Time-MoE,0.5468611717224121
Sample 31,TimesFM,0.4531387686729431
Sample 0,Chronos,0.7738075256347656
Sample 0,Timer,0.22619247436523438
Sample 1,Chronos,0.5729455947875977
Sample 1,TimesFM,0.42705437541007996
Sample 2,Time-MoE,0.6726694703102112
Sample 2,Timer,0.32733049988746643
Sample 3,Chronos,0.58202064037323
Sample 3,TimesFM,0.41797932982444763
Sample 4,Moirai,0.5280794501304626
Sample 4,Timer,0.4719204902648926
Sample 5,Chronos,0.6648355722427368
Sample 5,Timer,0.3351644277572632
Sample 6,Chronos,0.5561033487319946
Sample 6,Timer,0.44389665126800537
Sample 7,Time-MoE,0.6631041765213013
Sample 7,Timer,0.33689582347869873
Sample 8,Time-MoE,0.8415362238883972
Sample 8,Moirai,0.15846379101276398
Sample 9,Chronos,0.5627483129501343
Sample 9,TimesFM,0.4372517168521881
Sample 10,Timer,0.7248247265815735
Sample 10,TimesFM,0.2751752734184265
Sample 11,Chronos,0.7053964138031006
Sample 11,Timer,0.2946035861968994
Sample 12,TimesFM,0.7404098510742188
Sample 12,Moirai,0.259590208530426
Sample 13,Chronos,0.734490156173706
Sample 13,Timer,0.26550978422164917
Sample 14,Chronos,0.6101336479187012
Sample 14,Time-MoE,0.38986632227897644
Sample 15,Time-MoE,0.970919668674469
Sample 15,Moirai,0.02908039093017578
Sample 0,Moirai,0.8292860388755798
Sample 0,Chronos,0.17071397602558136
Sample 1,TimesFM,0.5683549642562866
Sample 1,Chronos,0.43164506554603577
Sample 2,Chronos,0.5840581059455872
Sample 2,Timer,0.41594186425209045
Sample 3,TimesFM,0.5129443407058716
Sample 3,Chronos,0.4870556592941284
Sample 4,Moirai,0.5881890654563904
Sample 4,Timer,0.41181087493896484
Sample 5,Chronos,0.6438797116279602
Sample 5,Timer,0.3561203181743622
Sample 6,Chronos,0.5407286286354065
Sample 6,TimesFM,0.4592713713645935
Sample 7,Moirai,0.8770334124565125
Sample 7,TimesFM,0.12296660989522934
Sample 8,Moirai,0.5583710074424744
Sample 8,Time-MoE,0.44162899255752563
Sample 9,Chronos,0.6767320036888123
Sample 9,Time-MoE,0.32326799631118774
Sample 10,Chronos,0.5516111850738525
Sample 10,Timer,0.44838887453079224
Sample 11,TimesFM,0.6489995121955872
Sample 11,Chronos,0.3510005474090576
Sample 12,Moirai,0.8366522192955017
Sample 12,Time-MoE,0.1633477509021759
Sample 13,Timer,0.5948706865310669
Sample 13,Chronos,0.4051293730735779
Sample 14,Timer,0.51133131980896
Sample 14,Chronos,0.48866868019104004
Sample 15,Moirai,0.8904194831848145
Sample 15,Time-MoE,0.10958050936460495
Sample 16,Time-MoE,0.7334965467453003
Sample 16,Moirai,0.2665035128593445
Sample 17,Chronos,0.6415241956710815
Sample 17,TimesFM,0.35847583413124084
Sample 18,Moirai,0.7693011164665222
Sample 18,Timer,0.2306988686323166
Sample 19,Chronos,0.6827977895736694
Sample 19,Timer,0.3172021806240082
Sample 20,Time-MoE,0.8384685516357422
Sample 20,Chronos,0.16153143346309662
Sample 21,Chronos,0.7309819459915161
Sample 21,Timer,0.2690180242061615
Sample 22,Chronos,0.6675112247467041
Sample 22,Timer,0.3324887752532959
Sample 23,Moirai,0.5171914100646973
Sample 23,Chronos,0.48280858993530273
Sample 24,Time-MoE,0.5467348694801331
Sample 24,Moirai,0.45326507091522217
Sample 25,Timer,0.5431614518165588
Sample 25,Chronos,0.45683857798576355
Sample 26,Chronos,0.5988289713859558
Sample 26,TimesFM,0.4011709988117218
Sample 27,Chronos,0.5376700162887573
Sample 27,Time-MoE,0.4623299539089203
Sample 28,Time-MoE,0.6240296363830566
Sample 28,Timer,0.37597033381462097
Sample 29,Chronos,0.5668196082115173
Sample 29,Timer,0.4331803619861603
Sample 30,Moirai,0.503113865852356
Sample 30,Chronos,0.49688610434532166
Sample 31,Moirai,0.6916781663894653
Sample 31,Time-MoE,0.30832186341285706
Sample 0,Moirai,0.586014449596405
Sample 0,Time-MoE,0.41398555040359497
Sample 1,Chronos,0.7463117837905884
Sample 1,Timer,0.2536882162094116
Sample 2,TimesFM,0.5677893161773682
Sample 2,Time-MoE,0.43221068382263184
Sample 3,Chronos,0.5493749380111694
Sample 3,Timer,0.4506250321865082
Sample 4,Time-MoE,0.5256479978561401
Sample 4,Chronos,0.47435206174850464
Sample 5,Chronos,0.5255227088928223
Sample 5,TimesFM,0.4744773209095001
Sample 6,TimesFM,0.685761034488678
Sample 6,Timer,0.314238965511322
Sample 7,Moirai,0.5427181720733643
Sample 7,Timer,0.45728182792663574
Sample 8,Moirai,0.7394881844520569
Sample 8,Chronos,0.2605118751525879
Sample 9,Chronos,0.5981040000915527
Sample 9,Timer,0.40189602971076965
Sample 10,Timer,0.6318455934524536
Sample 10,Chronos,0.3681544363498688
Sample 11,TimesFM,0.5514630079269409
Sample 11,Time-MoE,0.44853705167770386
Sample 12,TimesFM,0.7602319717407227
Sample 12,Timer,0.23976796865463257
Sample 13,Chronos,0.5592070817947388
Sample 13,TimesFM,0.44079291820526123
Sample 14,Chronos,0.5091403722763062
Sample 14,Timer,0.49085965752601624
Sample 15,Timer,0.608355700969696
Sample 15,Time-MoE,0.39164435863494873
Sample 16,Moirai,0.9194894433021545
Sample 16,Time-MoE,0.08051059395074844
Sample 17,Chronos,0.774246871471405
Sample 17,Timer,0.22575314342975616
Sample 18,Chronos,0.8400461673736572
Sample 18,Moirai,0.15995383262634277
Sample 19,Chronos,0.6232430338859558
Sample 19,TimesFM,0.37675702571868896
Sample 20,TimesFM,0.592442512512207
Sample 20,Time-MoE,0.4075574576854706
Sample 21,TimesFM,0.5422841310501099
Sample 21,Chronos,0.4577158987522125
Sample 22,Timer,0.5310589075088501
Sample 22,Time-MoE,0.4689410626888275
Sample 23,TimesFM,0.5298841595649719
Sample 23,Moirai,0.4701158404350281
Sample 24,Chronos,0.7073797583580017
Sample 24,Time-MoE,0.2926202118396759
Sample 25,TimesFM,0.7130564451217651
Sample 25,Chronos,0.28694355487823486
Sample 26,Chronos,0.5830866694450378
Sample 26,Time-MoE,0.4169132709503174
Sample 27,Timer,0.6372416019439697
Sample 27,Chronos,0.3627583682537079
Sample 28,Time-MoE,0.5999372601509094
Sample 28,Moirai,0.40006279945373535
Sample 29,Chronos,0.5482574105262756
Sample 29,TimesFM,0.45174258947372437
Sample 30,Chronos,0.6032986044883728
Sample 30,Timer,0.3967014253139496
Sample 31,Time-MoE,0.676746666431427
Sample 31,Moirai,0.3232533633708954
Sample 0,Moirai,0.756388247013092
Sample 0,TimesFM,0.24361173808574677
Sample 1,Chronos,0.5538756251335144
Sample 1,Timer,0.4461243450641632
Sample 2,Chronos,0.5301938652992249
Sample 2,Timer,0.46980613470077515
Sample 3,Chronos,0.6453344225883484
Sample 3,Timer,0.354665607213974
Sample 4,Moirai,0.6931143403053284
Sample 4,TimesFM,0.306885689496994
Sample 5,TimesFM,0.5492146015167236
Sample 5,Timer,0.450785368680954
Sample 6,Timer,0.6814137101173401
Sample 6,Time-MoE,0.3185862898826599
Sample 7,Moirai,0.7223333120346069
Sample 7,Time-MoE,0.2776666283607483
Sample 8,Moirai,0.5866159200668335
Sample 8,TimesFM,0.4133840799331665
Sample 9,Chronos,0.559781014919281
Sample 9,TimesFM,0.440218985080719
Sample 10,Timer,0.6738010048866272
Sample 10,Moirai,0.3261989951133728
Sample 11,Chronos,0.7174975872039795
Sample 11,Timer,0.2825024127960205
Sample 12,Moirai,0.8808295130729675
Sample 12,Chronos,0.11917051672935486
Sample 13,TimesFM,0.7016429305076599
Sample 13,Chronos,0.2983570396900177
Sample 14,TimesFM,0.5114734768867493
Sample 14,Time-MoE,0.48852649331092834
Sample 15,Time-MoE,0.5703032612800598
Sample 15,Timer,0.4296967685222626
Sample 16,Chronos,0.6351218819618225
Sample 16,Timer,0.3648781180381775
Sample 17,Chronos,0.5247477293014526
Sample 17,TimesFM,0.47525230050086975
Sample 18,Timer,0.6602458953857422
Sample 18,Time-MoE,0.3397541046142578
Sample 19,Chronos,0.543953537940979
Sample 19,Time-MoE,0.4560464918613434
Sample 20,Time-MoE,0.588188648223877
Sample 20,Moirai,0.41181132197380066
Sample 21,Chronos,0.7437343597412109
Sample 21,Timer,0.25626567006111145
Sample 22,TimesFM,0.5578781366348267
Sample 22,Timer,0.4421219229698181
Sample 23,Chronos,0.6093647480010986
Sample 23,Time-MoE,0.390635222196579
Sample 24,Time-MoE,0.6030875444412231
Sample 24,Moirai,0.3969123959541321
Sample 25,Chronos,0.571117639541626
Sample 25,TimesFM,0.42888233065605164
Sample 26,Time-MoE,0.5553059577941895
Sample 26,Timer,0.44469404220581055
Sample 27,Timer,0.6108343005180359
Sample 27,Chronos,0.3891656696796417
Sample 28,Time-MoE,0.5925980806350708
Sample 28,Timer,0.4074019193649292
Sample 29,Time-MoE,0.5501412749290466
Sample 29,Chronos,0.44985872507095337
Sample 30,Timer,0.530459463596344
Sample 30,Chronos,0.469540536403656
Sample 31,Timer,0.6300622224807739
Sample 31,Moirai,0.3699377477169037
Sample 0,Moirai,0.8535412549972534
Sample 0,Time-MoE,0.14645874500274658
Sample 1,Chronos,0.5881854295730591
Sample 1,Timer,0.41181454062461853
Sample 2,Chronos,0.8495275378227234
Sample 2,Time-MoE,0.15047243237495422
Sample 3,TimesFM,0.5383499264717102
Sample 3,Chronos,0.4616501033306122
Sample 4,Timer,0.6620396971702576
Sample 4,TimesFM,0.3379603624343872
Sample 5,Moirai,0.7576761245727539
Sample 5,Chronos,0.2423238903284073
Sample 6,TimesFM,0.5380923748016357
Sample 6,Chronos,0.46190762519836426
Sample 7,Moirai,0.5089529156684875
Sample 7,Chronos,0.49104711413383484
Sample 8,Moirai,0.7250624895095825
Sample 8,Chronos,0.27493754029273987
Sample 9,Timer,0.5189772844314575
Sample 9,TimesFM,0.4810227155685425
Sample 10,Moirai,0.5302819013595581
Sample 10,TimesFM,0.4697181284427643
Sample 11,TimesFM,0.5316386818885803
Sample 11,Chronos,0.4683612883090973
Sample 12,Moirai,0.7828115224838257
Sample 12,Time-MoE,0.2171885222196579
Sample 13,Chronos,0.5771730542182922
Sample 13,Timer,0.42282697558403015
Sample 14,Timer,0.5986915230751038
Sample 14,Chronos,0.401308536529541
Sample 15,Timer,0.6291019916534424
Sample 15,Moirai,0.37089797854423523
Sample 16,Time-MoE,0.5476998686790466
Sample 16,Moirai,0.45230019092559814
Sample 17,TimesFM,0.7703447937965393
Sample 17,Timer,0.22965525090694427
Sample 18,TimesFM,0.547565758228302
Sample 18,Moirai,0.4524342715740204
Sample 19,Chronos,0.7045918703079224
Sample 19,Timer,0.2954081594944
Sample 20,Time-MoE,0.5092574954032898
Sample 20,Timer,0.4907424747943878
Sample 21,Chronos,0.7001351118087769
Sample 21,Timer,0.29986491799354553
Sample 22,Timer,0.6133038401603699
Sample 22,Moirai,0.38669613003730774
Sample 23,Moirai,0.6554220914840698
Sample 23,Time-MoE,0.3445778787136078
Sample 24,Moirai,0.5139803886413574
Sample 24,Chronos,0.4860195815563202
Sample 25,TimesFM,0.6307153105735779
Sample 25,Timer,0.36928465962409973
Sample 26,Moirai,0.5011300444602966
Sample 26,Time-MoE,0.49886998534202576
Sample 27,TimesFM,0.6928569078445435
Sample 27,Chronos,0.30714306235313416
Sample 28,TimesFM,0.6365768313407898
Sample 28,Moirai,0.363423228263855
Sample 29,TimesFM,0.7493390440940857
Sample 29,Chronos,0.2506609857082367
Sample 30,TimesFM,0.602776825428009
Sample 30,Chronos,0.3972231447696686
Sample 31,Time-MoE,0.7067610621452332
Sample 31,Timer,0.29323893785476685
Sample 0,Moirai,0.8003589510917664
Sample 0,Time-MoE,0.19964106380939484
Sample 1,TimesFM,0.5103763937950134
Sample 1,Chronos,0.4896235466003418
Sample 2,Chronos,0.5407814979553223
Sample 2,Timer,0.4592185318470001
Sample 3,Chronos,0.5075878500938416
Sample 3,TimesFM,0.49241217970848083
Sample 4,Timer,0.6417396068572998
Sample 4,Chronos,0.3582603931427002
Sample 5,Timer,0.563915491104126
Sample 5,TimesFM,0.436084508895874
Sample 6,Timer,0.5193142890930176
Sample 6,TimesFM,0.4806857109069824
Sample 7,Moirai,0.6036611199378967
Sample 7,Timer,0.3963388502597809
Sample 8,Moirai,0.6561842560768127
Sample 8,Time-MoE,0.34381571412086487
Sample 9,TimesFM,0.5754452347755432
Sample 9,Chronos,0.4245547652244568
Sample 10,Timer,0.7100294828414917
Sample 10,Moirai,0.2899704873561859
Sample 11,Moirai,0.785740077495575
Sample 11,Time-MoE,0.21425998210906982
Sample 12,Moirai,0.6995565891265869
Sample 12,TimesFM,0.3004434108734131
Sample 13,TimesFM,0.6614195704460144
Sample 13,Chronos,0.3385804295539856
Sample 14,TimesFM,0.5495012402534485
Sample 14,Timer,0.4504987895488739
Sample 15,Timer,0.6976761221885681
Sample 15,TimesFM,0.3023238778114319
Sample 16,Moirai,0.7994798421859741
Sample 16,TimesFM,0.2005200982093811
Sample 17,Timer,0.5469712615013123
Sample 17,TimesFM,0.45302873849868774
Sample 18,TimesFM,0.6058112978935242
Sample 18,Timer,0.39418870210647583
Sample 19,Timer,0.6117048263549805
Sample 19,TimesFM,0.38829514384269714
Sample 20,Moirai,0.8811449408531189
Sample 20,Time-MoE,0.1188550591468811
Sample 21,TimesFM,0.5633442997932434
Sample 21,Timer,0.4366557002067566
Sample 22,Timer,0.7199386954307556
Sample 22,TimesFM,0.2800613045692444
Sample 23,Moirai,0.5255095362663269
Sample 23,Time-MoE,0.4744904339313507
Sample 24,Moirai,0.9040740132331848
Sample 24,Chronos,0.0959259644150734
Sample 25,Chronos,0.5809831023216248
Sample 25,Timer,0.41901689767837524
Sample 26,Timer,0.5149797797203064
Sample 26,Chronos,0.48502016067504883
Sample 27,Chronos,0.5215805768966675
Sample 27,TimesFM,0.4784194231033325
Sample 28,Moirai,0.606065571308136
Sample 28,Time-MoE,0.3939344584941864
Sample 29,TimesFM,0.5863927602767944
Sample 29,Timer,0.41360723972320557
Sample 30,TimesFM,0.8897580504417419
Sample 30,Timer,0.11024197190999985
Sample 31,Moirai,0.8077241778373718
Sample 31,Time-MoE,0.19227582216262817
Sample 0,Moirai,0.8142770528793335
Sample 0,Time-MoE,0.1857229769229889
Sample 1,Chronos,0.5832815766334534
Sample 1,TimesFM,0.41671842336654663
Sample 2,Moirai,0.5002971291542053
Sample 2,Timer,0.4997028708457947
Sample 3,TimesFM,0.6750921010971069
Sample 3,Chronos,0.3249078691005707
Sample 4,Moirai,0.7895295023918152
Sample 4,Timer,0.21047048270702362
Sample 5,Chronos,0.5022664070129395
Sample 5,Timer,0.49773362278938293
Sample 6,Moirai,0.6154332756996155
Sample 6,Timer,0.38456666469573975
Sample 7,Moirai,0.5279140472412109
Sample 7,Time-MoE,0.4720859229564667
Sample 8,Moirai,0.5840790271759033
Sample 8,Time-MoE,0.41592100262641907
Sample 9,Chronos,0.6612867712974548
Sample 9,TimesFM,0.33871325850486755
Sample 10,Timer,0.7486776113510132
Sample 10,Time-MoE,0.25132232904434204
Sample 11,Chronos,0.5927318334579468
Sample 11,Timer,0.40726813673973083
Sample 12,Time-MoE,0.644484281539917
Sample 12,TimesFM,0.355515718460083
Sample 13,TimesFM,0.7130098938941956
Sample 13,Chronos,0.28699007630348206
Sample 14,Moirai,0.7098032236099243
Sample 14,Time-MoE,0.2901967465877533
Sample 15,TimesFM,0.5279456377029419
Sample 15,Time-MoE,0.4720543622970581
Sample 16,Moirai,0.9878336191177368
Sample 16,Time-MoE,0.012166382744908333
Sample 17,Chronos,0.5692766308784485
Sample 17,Timer,0.4307233393192291
Sample 18,Moirai,0.7325810194015503
Sample 18,Time-MoE,0.2674189507961273
Sample 19,TimesFM,0.6838708519935608
Sample 19,Timer,0.3161291480064392
Sample 20,TimesFM,0.7684393525123596
Sample 20,Timer,0.23156067728996277
Sample 21,Chronos,0.6489896178245544
Sample 21,Timer,0.35101038217544556
Sample 22,Time-MoE,0.6766220331192017
Sample 22,Timer,0.32337793707847595
Sample 23,Moirai,0.758051335811615
Sample 23,Time-MoE,0.241948664188385
Sample 24,Moirai,0.7734225392341614
Sample 24,Chronos,0.22657744586467743
Sample 25,Chronos,0.5840657949447632
Sample 25,Timer,0.4159342050552368
Sample 26,Timer,0.6900734901428223
Sample 26,Time-MoE,0.30992648005485535
Sample 27,TimesFM,0.6636906862258911
Sample 27,Timer,0.3363093435764313
Sample 28,Moirai,0.5761090517044067
Sample 28,Time-MoE,0.42389094829559326
Sample 29,Chronos,0.5454994440078735
Sample 29,Timer,0.45450055599212646
Sample 30,Moirai,0.7844398021697998
Sample 30,Timer,0.215560182929039
Sample 31,Chronos,0.8641628623008728
Sample 31,Time-MoE,0.13583707809448242
Sample 0,Chronos,0.5344989895820618
Sample 0,Moirai,0.4655010402202606
Sample 1,Timer,0.6586272716522217
Sample 1,Chronos,0.3413727581501007
Sample 2,Timer,0.6352765560150146
Sample 2,Time-MoE,0.36472347378730774
Sample 3,TimesFM,0.7872551083564758
Sample 3,Chronos,0.21274489164352417
Sample 4,TimesFM,0.6455588936805725
Sample 4,Timer,0.3544410467147827
Sample 5,Timer,0.5218234062194824
Sample 5,Chronos,0.4781765639781952
Sample 6,Chronos,0.5998753905296326
Sample 6,Timer,0.4001246690750122
Sample 7,Moirai,0.8398560285568237
Sample 7,Chronos,0.16014398634433746
Sample 8,Moirai,0.9871546030044556
Sample 8,Time-MoE,0.012845329008996487
Sample 9,Chronos,0.5618070363998413
Sample 9,TimesFM,0.4381929636001587
Sample 10,Chronos,0.6880065202713013
Sample 10,Timer,0.3119935095310211
Sample 11,Timer,0.5148082971572876
Sample 11,Chronos,0.4851917028427124
Sample 12,Time-MoE,0.5407913327217102
Sample 12,Timer,0.4592086672782898
Sample 13,Chronos,0.5271158814430237
Sample 13,Timer,0.47288408875465393
Sample 14,Chronos,0.5812326073646545
Sample 14,Timer,0.41876745223999023
Sample 15,Moirai,0.936393678188324
Sample 15,Time-MoE,0.06360633671283722
Sample 0,Moirai,0.9959086179733276
Sample 0,Time-MoE,0.004091326612979174
Sample 1,Timer,0.5073438882827759
Sample 1,Chronos,0.4926561117172241
Sample 2,TimesFM,0.7226640582084656
Sample 2,Time-MoE,0.27733591198921204
Sample 3,Chronos,0.6218730807304382
Sample 3,TimesFM,0.378126859664917
Sample 4,Timer,0.7028486132621765
Sample 4,Chronos,0.2971514165401459
Sample 5,Timer,0.5249272584915161
Sample 5,TimesFM,0.4750727415084839
Sample 6,Timer,0.557367205619812
Sample 6,TimesFM,0.442632794380188
Sample 7,Time-MoE,0.6126997470855713
Sample 7,Timer,0.3873003125190735
Sample 8,Moirai,0.8523834943771362
Sample 8,Chronos,0.14761650562286377
Sample 9,TimesFM,0.5004809498786926
Sample 9,Chronos,0.4995190501213074
Sample 10,Time-MoE,0.8997921943664551
Sample 10,Moirai,0.10020782053470612
Sample 11,TimesFM,0.5035528540611267
Sample 11,Timer,0.4964471459388733
Sample 12,Moirai,0.9526584148406982
Sample 12,Time-MoE,0.04734161123633385
Sample 13,TimesFM,0.5320025086402893
Sample 13,Chronos,0.4679974615573883
Sample 14,Timer,0.7441051006317139
Sample 14,TimesFM,0.25589483976364136
Sample 15,Moirai,0.932924211025238
Sample 15,Time-MoE,0.06707583367824554
Sample 16,Moirai,0.9906173348426819
Sample 16,Chronos,0.009382701478898525
Sample 17,Timer,0.6025729179382324
Sample 17,Time-MoE,0.3974270820617676
Sample 18,Moirai,0.5007074475288391
Sample 18,Time-MoE,0.4992925226688385
Sample 19,Timer,0.5804172158241272
Sample 19,Time-MoE,0.4195827841758728
Sample 20,Moirai,0.6090537309646606
Sample 20,Timer,0.39094626903533936
Sample 21,TimesFM,0.5588567852973938
Sample 21,Chronos,0.4411432445049286
Sample 22,Timer,0.7378478050231934
Sample 22,Chronos,0.26215222477912903
Sample 23,Time-MoE,0.6416985392570496
Sample 23,Moirai,0.3583014905452728
Sample 24,Moirai,0.8661624789237976
Sample 24,Time-MoE,0.1338375210762024
Sample 25,Timer,0.6098376512527466
Sample 25,Chronos,0.39016231894493103
Sample 26,Time-MoE,0.6117751002311707
Sample 26,TimesFM,0.38822489976882935
Sample 27,Time-MoE,0.7980881333351135
Sample 27,Timer,0.2019118219614029
Sample 28,Timer,0.8427537083625793
Sample 28,Moirai,0.15724626183509827
Sample 29,TimesFM,0.5329965353012085
Sample 29,Chronos,0.4670034348964691
Sample 30,Timer,0.5483741164207458
Sample 30,Time-MoE,0.45162591338157654
Sample 31,Moirai,0.7469131350517273
Sample 31,TimesFM,0.2530868351459503
Sample 0,Moirai,0.9466872215270996
Sample 0,Chronos,0.05331278219819069
Sample 1,Timer,0.5823172926902771
Sample 1,Chronos,0.4176827073097229
Sample 2,Timer,0.5416783094406128
Sample 2,Moirai,0.4583217203617096
Sample 3,TimesFM,0.5641230940818787
Sample 3,Chronos,0.43587690591812134
Sample 4,Timer,0.6855957508087158
Sample 4,Chronos,0.31440430879592896
Sample 5,Timer,0.6262369751930237
Sample 5,Chronos,0.37376299500465393
Sample 6,Timer,0.6894322633743286
Sample 6,Time-MoE,0.310567706823349
Sample 7,Moirai,0.9743836522102356
Sample 7,Time-MoE,0.02561636082828045
Sample 8,Moirai,0.8120054006576538
Sample 8,Time-MoE,0.1879945546388626
Sample 9,Timer,0.5920534729957581
Sample 9,TimesFM,0.40794652700424194
Sample 10,Timer,0.6540036797523499
Sample 10,Chronos,0.34599635004997253
Sample 11,Timer,0.6399980187416077
Sample 11,Chronos,0.36000192165374756
Sample 12,Timer,0.7362821698188782
Sample 12,Time-MoE,0.26371780037879944
Sample 13,Timer,0.521319568157196
Sample 13,Time-MoE,0.47868043184280396
Sample 14,TimesFM,0.5864527821540833
Sample 14,Time-MoE,0.41354721784591675
Sample 15,Moirai,0.8901053071022034
Sample 15,Time-MoE,0.10989472270011902
Sample 16,Moirai,0.5966620445251465
Sample 16,Time-MoE,0.4033379852771759
Sample 17,Timer,0.5179164409637451
Sample 17,Chronos,0.4820835292339325
Sample 18,Chronos,0.8334472179412842
Sample 18,Timer,0.16655276715755463
Sample 19,Timer,0.6882117390632629
Sample 19,Chronos,0.31178826093673706
Sample 20,Timer,0.5181580185890198
Sample 20,Chronos,0.4818419814109802
Sample 21,TimesFM,0.6350486874580383
Sample 21,Time-MoE,0.36495131254196167
Sample 22,Timer,0.5798814296722412
Sample 22,Time-MoE,0.4201185405254364
Sample 23,Moirai,0.5617759227752686
Sample 23,Timer,0.43822410702705383
Sample 24,Moirai,0.9720564484596252
Sample 24,Time-MoE,0.027943503111600876
Sample 25,TimesFM,0.5280048847198486
Sample 25,Timer,0.471995085477829
Sample 26,Timer,0.5091935992240906
Sample 26,Chronos,0.49080637097358704
Sample 27,TimesFM,0.50554358959198
Sample 27,Chronos,0.49445638060569763
Sample 28,Moirai,0.688214898109436
Sample 28,Time-MoE,0.31178513169288635
Sample 29,TimesFM,0.5141144394874573
Sample 29,Chronos,0.4858855903148651
Sample 30,Timer,0.5864387154579163
Sample 30,TimesFM,0.4135613441467285
Sample 31,Moirai,0.9009047746658325
Sample 31,Time-MoE,0.09909520298242569
Sample 0,Moirai,0.9890329837799072
Sample 0,Time-MoE,0.010967059060931206
Sample 1,Chronos,0.5915423035621643
Sample 1,TimesFM,0.4084576964378357
Sample 2,TimesFM,0.5397289991378784
Sample 2,Chronos,0.4602710008621216
Sample 3,Chronos,0.6279875636100769
Sample 3,TimesFM,0.3720124065876007
Sample 4,Moirai,0.8805029392242432
Sample 4,TimesFM,0.11949706822633743
Sample 5,Timer,0.5883298516273499
Sample 5,TimesFM,0.4116702079772949
Sample 6,TimesFM,0.51932692527771
Sample 6,Timer,0.48067307472229004
Sample 7,Time-MoE,0.7791056632995605
Sample 7,TimesFM,0.22089432179927826
Sample 8,Moirai,0.5042058229446411
Sample 8,Time-MoE,0.49579423666000366
Sample 9,TimesFM,0.7008437514305115
Sample 9,Timer,0.29915618896484375
Sample 10,Timer,0.5300715565681458
Sample 10,Chronos,0.46992847323417664
Sample 11,Timer,0.7304280400276184
Sample 11,TimesFM,0.269571989774704
Sample 12,Time-MoE,0.6104753017425537
Sample 12,Moirai,0.3895247280597687
Sample 13,TimesFM,0.5181305408477783
Sample 13,Timer,0.4818694591522217
Sample 14,TimesFM,0.5126946568489075
Sample 14,Timer,0.48730534315109253
Sample 15,Moirai,0.7908673286437988
Sample 15,Time-MoE,0.20913264155387878
Sample 16,Moirai,0.7413121461868286
Sample 16,Timer,0.2586878836154938
Sample 17,TimesFM,0.5345433354377747
Sample 17,Timer,0.46545666456222534
Sample 18,TimesFM,0.7222167253494263
Sample 18,Timer,0.2777833044528961
Sample 19,Chronos,0.5491548180580139
Sample 19,Time-MoE,0.4508451819419861
Sample 20,Time-MoE,0.513638973236084
Sample 20,Chronos,0.486361026763916
Sample 21,TimesFM,0.6974433064460754
Sample 21,Timer,0.30255669355392456
Sample 22,Timer,0.7549906969070435
Sample 22,Chronos,0.24500928819179535
Sample 23,TimesFM,0.7181124091148376
Sample 23,Timer,0.28188759088516235
Sample 24,Moirai,0.984365701675415
Sample 24,Timer,0.015634290874004364
Sample 25,TimesFM,0.5621284246444702
Sample 25,Timer,0.4378715455532074
Sample 26,Timer,0.5583249926567078
Sample 26,Time-MoE,0.44167500734329224
Sample 27,TimesFM,0.6246005296707153
Sample 27,Chronos,0.37539947032928467
Sample 28,Time-MoE,0.7525112628936768
Sample 28,Chronos,0.24748873710632324
Sample 29,Chronos,0.5214188694953918
Sample 29,Timer,0.4785810708999634
Sample 30,Timer,0.5170612931251526
Sample 30,TimesFM,0.482938677072525
Sample 31,Moirai,0.8576195240020752
Sample 31,Chronos,0.1423805207014084
Sample 0,Moirai,0.933234691619873
Sample 0,Time-MoE,0.06676524877548218
Sample 1,TimesFM,0.5778675079345703
Sample 1,Timer,0.4221325218677521
Sample 2,Time-MoE,0.5452892780303955
Sample 2,Moirai,0.4547106921672821
Sample 3,Chronos,0.6856614351272583
Sample 3,Timer,0.3143386244773865
Sample 4,Chronos,0.5455019474029541
Sample 4,Timer,0.4544980525970459
Sample 5,Moirai,0.5074285864830017
Sample 5,Time-MoE,0.4925714135169983
Sample 6,Moirai,0.6151896715164185
Sample 6,TimesFM,0.38481029868125916
Sample 7,Chronos,0.60577392578125
Sample 7,Moirai,0.3942261338233948
Sample 8,Moirai,0.9917211532592773
Sample 8,Chronos,0.008278816938400269
Sample 9,Timer,0.7788945436477661
Sample 9,TimesFM,0.2211054116487503
Sample 10,TimesFM,0.5372314453125
Sample 10,Time-MoE,0.4627685844898224
Sample 11,Timer,0.64192134141922
Sample 11,TimesFM,0.35807865858078003
Sample 12,Moirai,0.5805975794792175
Sample 12,Time-MoE,0.41940242052078247
Sample 13,Timer,0.5543448328971863
Sample 13,TimesFM,0.4456551671028137
Sample 14,Timer,0.6177908778190613
Sample 14,Chronos,0.3822091221809387
Sample 15,Moirai,0.7692079544067383
Sample 15,Time-MoE,0.2307920753955841
Sample 16,Moirai,0.9910545945167542
Sample 16,Timer,0.008945399895310402
Sample 17,Timer,0.8341130018234253
Sample 17,TimesFM,0.16588695347309113
Sample 18,Moirai,0.8316759467124939
Sample 18,TimesFM,0.1683240681886673
Sample 19,TimesFM,0.5166073441505432
Sample 19,Timer,0.4833926260471344
Sample 20,Timer,0.5094053149223328
Sample 20,Time-MoE,0.49059468507766724
Sample 21,TimesFM,0.5410014986991882
Sample 21,Timer,0.4589984714984894
Sample 22,Timer,0.6785853505134583
Sample 22,Moirai,0.32141464948654175
Sample 23,Timer,0.8822339773178101
Sample 23,Chronos,0.11776603013277054
Sample 24,Moirai,0.9637620449066162
Sample 24,Time-MoE,0.03623795509338379
Sample 25,TimesFM,0.6454899311065674
Sample 25,Timer,0.35451003909111023
Sample 26,Moirai,0.6604092121124268
Sample 26,Time-MoE,0.33959072828292847
Sample 27,Timer,0.672115683555603
Sample 27,Chronos,0.3278842866420746
Sample 28,Moirai,0.9578575491905212
Sample 28,Time-MoE,0.04214249551296234
Sample 29,Timer,0.5088564157485962
Sample 29,TimesFM,0.4911435544490814
Sample 30,Timer,0.6603860259056091
Sample 30,TimesFM,0.3396139442920685
Sample 31,Moirai,0.789509654045105
Sample 31,Timer,0.2104903608560562
Sample 0,Moirai,0.8917555212974548
Sample 0,Chronos,0.10824444890022278
Sample 1,Timer,0.5852814316749573
Sample 1,TimesFM,0.41471853852272034
Sample 2,Timer,0.7489258646965027
Sample 2,Chronos,0.25107407569885254
Sample 3,TimesFM,0.5486584901809692
Sample 3,Timer,0.4513414800167084
Sample 4,Timer,0.6698000431060791
Sample 4,TimesFM,0.3301999270915985
Sample 5,Timer,0.5762552618980408
Sample 5,Chronos,0.42374470829963684
Sample 6,Timer,0.6549603939056396
Sample 6,TimesFM,0.34503963589668274
Sample 7,Moirai,0.569438636302948
Sample 7,Time-MoE,0.4305613040924072
Sample 8,Moirai,0.978302001953125
Sample 8,Time-MoE,0.021698057651519775
Sample 9,TimesFM,0.535521388053894
Sample 9,Timer,0.46447867155075073
Sample 10,Moirai,0.8059787750244141
Sample 10,TimesFM,0.19402119517326355
Sample 11,Timer,0.6281301379203796
Sample 11,Chronos,0.371869832277298
Sample 12,Timer,0.7004130482673645
Sample 12,Time-MoE,0.2995869815349579
Sample 13,TimesFM,0.5281867980957031
Sample 13,Timer,0.47181323170661926
Sample 14,Timer,0.8690873980522156
Sample 14,Time-MoE,0.13091261684894562
Sample 15,Timer,0.6983109712600708
Sample 15,TimesFM,0.3016890287399292
Sample 16,Moirai,0.8979690074920654
Sample 16,Timer,0.10203104466199875
Sample 17,Timer,0.5866664052009583
Sample 17,TimesFM,0.41333356499671936
Sample 18,Timer,0.5955786108970642
Sample 18,Moirai,0.4044213593006134
Sample 19,TimesFM,0.5191858410835266
Sample 19,Chronos,0.480814129114151
Sample 20,Moirai,0.5460468530654907
Sample 20,Time-MoE,0.4539531171321869
Sample 21,TimesFM,0.6530812382698059
Sample 21,Timer,0.3469187319278717
Sample 22,Timer,0.8531583547592163
Sample 22,Time-MoE,0.14684158563613892
Sample 23,Time-MoE,0.5975313186645508
Sample 23,Chronos,0.4024687111377716
Sample 24,Moirai,0.9794347882270813
Sample 24,Time-MoE,0.020565183833241463
Sample 25,Timer,0.7329856157302856
Sample 25,Chronos,0.2670143246650696
Sample 26,Time-MoE,0.7721012234687805
Sample 26,TimesFM,0.2278987616300583
Sample 27,TimesFM,0.5139423608779907
Sample 27,Timer,0.4860576391220093
Sample 28,Moirai,0.8204217553138733
Sample 28,TimesFM,0.17957830429077148
Sample 29,Time-MoE,0.5407958030700684
Sample 29,TimesFM,0.45920416712760925
Sample 30,Timer,0.6594059467315674
Sample 30,TimesFM,0.340594083070755
Sample 31,Moirai,0.8109361529350281
Sample 31,Chronos,0.1890638917684555
Sample 0,Moirai,0.9342973232269287
Sample 0,Time-MoE,0.0657026618719101
Sample 1,Timer,0.8317176103591919
Sample 1,Chronos,0.1682823747396469
Sample 2,Timer,0.5333026051521301
Sample 2,Time-MoE,0.46669742465019226
Sample 3,Timer,0.7580446004867554
Sample 3,Chronos,0.2419554442167282
Sample 4,Time-MoE,0.5477105975151062
Sample 4,Moirai,0.4522894620895386
Sample 5,Timer,0.6979736089706421
Sample 5,Chronos,0.3020263910293579
Sample 6,Moirai,0.5400665402412415
Sample 6,Timer,0.45993345975875854
Sample 7,Chronos,0.5051753520965576
Sample 7,Moirai,0.4948246479034424
Sample 8,Moirai,0.9386752247810364
Sample 8,Time-MoE,0.06132485345005989
Sample 9,TimesFM,0.5097189545631409
Sample 9,Timer,0.49028101563453674
Sample 10,Moirai,0.7260668873786926
Sample 10,Timer,0.273933082818985
Sample 11,Timer,0.5385178923606873
Sample 11,TimesFM,0.4614821672439575
Sample 12,Time-MoE,0.7829585075378418
Sample 12,Chronos,0.2170414924621582
Sample 13,TimesFM,0.832899808883667
Sample 13,Chronos,0.1671002209186554
Sample 14,Time-MoE,0.5975306034088135
Sample 14,Timer,0.4024694263935089
Sample 15,Moirai,0.8328295946121216
Sample 15,Time-MoE,0.16717034578323364
Sample 16,Moirai,0.9909900426864624
Sample 16,Timer,0.009009893983602524
Sample 17,Chronos,0.5054319500923157
Sample 17,Timer,0.49456799030303955
Sample 18,Moirai,0.5024428963661194
Sample 18,Time-MoE,0.4975571036338806
Sample 19,Timer,0.5093919038772583
Sample 19,TimesFM,0.4906081259250641
Sample 20,TimesFM,0.624620258808136
Sample 20,Timer,0.3753797709941864
Sample 21,Timer,0.6583771109580994
Sample 21,TimesFM,0.341622918844223
Sample 22,TimesFM,0.6788778305053711
Sample 22,Timer,0.3211221992969513
Sample 23,Moirai,0.8353358507156372
Sample 23,Time-MoE,0.164664164185524
Sample 24,Moirai,0.962197482585907
Sample 24,Chronos,0.03780249506235123
Sample 25,Timer,0.727323591709137
Sample 25,Chronos,0.27267637848854065
Sample 26,Moirai,0.5028219819068909
Sample 26,TimesFM,0.49717801809310913
Sample 27,Timer,0.5379073619842529
Sample 27,Chronos,0.46209266781806946
Sample 28,Time-MoE,0.869003415107727
Sample 28,Timer,0.13099655508995056
Sample 29,Timer,0.7803171873092651
Sample 29,Chronos,0.21968285739421844
Sample 30,Moirai,0.6842573285102844
Sample 30,Time-MoE,0.31574270129203796
Sample 31,TimesFM,0.7371601462364197
Sample 31,Chronos,0.2628399133682251
Sample 0,Timer,0.5927526950836182
Sample 0,TimesFM,0.4072473347187042
Sample 1,Timer,0.691354513168335
Sample 1,TimesFM,0.3086455166339874
Sample 2,Moirai,0.6823395490646362
Sample 2,Chronos,0.3176604211330414
Sample 3,TimesFM,0.546753466129303
Sample 3,Timer,0.4532465636730194
Sample 4,Time-MoE,0.7500078678131104
Sample 4,Timer,0.24999213218688965
Sample 5,Time-MoE,0.583351731300354
Sample 5,Timer,0.416648268699646
Sample 6,Timer,0.691256582736969
Sample 6,TimesFM,0.308743417263031
Sample 7,Time-MoE,0.8655799627304077
Sample 7,Moirai,0.13442005217075348
Sample 8,Moirai,0.9569479823112488
Sample 8,Time-MoE,0.043052032589912415
Sample 9,TimesFM,0.5108145475387573
Sample 9,Timer,0.4891854226589203
Sample 10,Time-MoE,0.6087742447853088
Sample 10,TimesFM,0.39122581481933594
Sample 11,Timer,0.6870595812797546
Sample 11,Chronos,0.31294041872024536
Sample 12,Moirai,0.5233262777328491
Sample 12,Timer,0.4766737222671509
Sample 13,TimesFM,0.5738357901573181
Sample 13,Timer,0.42616426944732666
Sample 14,TimesFM,0.5934193730354309
Sample 14,Timer,0.40658068656921387
Sample 15,Moirai,0.6414213180541992
Sample 15,Time-MoE,0.3585786521434784
Sample 0,Moirai,0.9959272742271423
Sample 0,Timer,0.004072707612067461
Sample 1,TimesFM,0.6091147065162659
Sample 1,Chronos,0.3908853232860565
Sample 2,Time-MoE,0.749545156955719
Sample 2,Timer,0.2504548728466034
Sample 3,Timer,0.6429072022438049
Sample 3,TimesFM,0.3570927679538727
Sample 4,Timer,0.6996446847915649
Sample 4,Time-MoE,0.30035534501075745
Sample 5,Timer,0.5570184588432312
Sample 5,Time-MoE,0.442981481552124
Sample 6,Timer,0.6317499279975891
Sample 6,Chronos,0.3682500422000885
Sample 7,Moirai,0.9685356020927429
Sample 7,Time-MoE,0.03146437183022499
Sample 8,Moirai,0.9632485508918762
Sample 8,TimesFM,0.03675146773457527
Sample 9,TimesFM,0.5384476184844971
Sample 9,Timer,0.46155238151550293
Sample 10,Time-MoE,0.5124706625938416
Sample 10,Chronos,0.48752933740615845
Sample 11,TimesFM,0.5456347465515137
Sample 11,Chronos,0.45436522364616394
Sample 12,Moirai,0.9428148865699768
Sample 12,Time-MoE,0.05718504637479782
Sample 13,Timer,0.7144663333892822
Sample 13,TimesFM,0.285533607006073
Sample 14,Timer,0.6603067517280579
Sample 14,TimesFM,0.33969321846961975
Sample 15,Moirai,0.6445391178131104
Sample 15,Time-MoE,0.35546091198921204
Sample 16,Moirai,0.9977845549583435
Sample 16,Timer,0.002215478802099824
Sample 17,TimesFM,0.6180785298347473
Sample 17,Timer,0.3819214701652527
Sample 18,Timer,0.5421852469444275
Sample 18,Moirai,0.45781469345092773
Sample 19,Timer,0.6706690788269043
Sample 19,TimesFM,0.3293308913707733
Sample 20,Moirai,0.5230592489242554
Sample 20,Time-MoE,0.47694075107574463
Sample 21,Timer,0.7302902936935425
Sample 21,TimesFM,0.2697097361087799
Sample 22,TimesFM,0.5278602242469788
Sample 22,Timer,0.47213980555534363
Sample 23,Moirai,0.6725457310676575
Sample 23,TimesFM,0.3274542987346649
Sample 24,Moirai,0.9872624278068542
Sample 24,Time-MoE,0.012737570330500603
Sample 25,Timer,0.543463408946991
Sample 25,TimesFM,0.45653656125068665
Sample 26,Timer,0.7198635339736938
Sample 26,TimesFM,0.28013646602630615
Sample 27,Timer,0.5175615549087524
Sample 27,Moirai,0.4824383854866028
Sample 28,Time-MoE,0.7426888942718506
Sample 28,Moirai,0.2573111057281494
Sample 29,TimesFM,0.8242366313934326
Sample 29,Timer,0.17576336860656738
Sample 30,Time-MoE,0.5633085370063782
Sample 30,Timer,0.4366915225982666
Sample 31,Moirai,0.6955048441886902
Sample 31,Time-MoE,0.3044951856136322
Sample 0,Moirai,0.9796493649482727
Sample 0,Time-MoE,0.02035064436495304
Sample 1,TimesFM,0.5565362572669983
Sample 1,Timer,0.4434637427330017
Sample 2,Time-MoE,0.5691705942153931
Sample 2,TimesFM,0.4308294355869293
Sample 3,Timer,0.6337776780128479
Sample 3,Chronos,0.3662223219871521
Sample 4,Timer,0.5012363791465759
Sample 4,Chronos,0.4987635910511017
Sample 5,Timer,0.5092198848724365
Sample 5,TimesFM,0.49078014492988586
Sample 6,Timer,0.7528116703033447
Sample 6,TimesFM,0.24718837440013885
Sample 7,Moirai,0.8864551782608032
Sample 7,Time-MoE,0.113544762134552
Sample 8,Moirai,0.9652625322341919
Sample 8,Time-MoE,0.034737471491098404
Sample 9,TimesFM,0.7067285180091858
Sample 9,Timer,0.2932714819908142
Sample 10,TimesFM,0.6242333650588989
Sample 10,Timer,0.37576666474342346
Sample 11,Moirai,0.7027913331985474
Sample 11,Time-MoE,0.297208696603775
Sample 12,Time-MoE,0.608072817325592
Sample 12,Timer,0.39192721247673035
Sample 13,Timer,0.5005082488059998
Sample 13,TimesFM,0.49949178099632263
Sample 14,Timer,0.6310839653015137
Sample 14,TimesFM,0.36891597509384155
Sample 15,Moirai,0.9673956632614136
Sample 15,Time-MoE,0.03260429576039314
Sample 16,Moirai,0.9992627501487732
Sample 16,Time-MoE,0.0007372983382083476
Sample 17,Timer,0.6465026140213013
Sample 17,Chronos,0.35349735617637634
Sample 18,Chronos,0.6112444996833801
Sample 18,TimesFM,0.3887554705142975
Sample 19,Timer,0.7416505217552185
Sample 19,TimesFM,0.2583494782447815
Sample 20,TimesFM,0.5114794969558716
Sample 20,Timer,0.4885205030441284
Sample 21,TimesFM,0.6358097195625305
Sample 21,Timer,0.3641902506351471
Sample 22,Timer,0.7740076780319214
Sample 22,Time-MoE,0.2259923219680786
Sample 23,Time-MoE,0.6723747253417969
Sample 23,Moirai,0.3276253044605255
Sample 24,Moirai,0.7359054088592529
Sample 24,Timer,0.2640945315361023
Sample 25,TimesFM,0.6707776784896851
Sample 25,Timer,0.32922232151031494
Sample 26,Timer,0.6892085075378418
Sample 26,Chronos,0.3107915222644806
Sample 27,Timer,0.605807900428772
Sample 27,TimesFM,0.394192099571228
Sample 28,Moirai,0.777809739112854
Sample 28,Time-MoE,0.22219030559062958
Sample 29,TimesFM,0.5938403010368347
Sample 29,Timer,0.4061596691608429
Sample 30,TimesFM,0.7553257942199707
Sample 30,Time-MoE,0.2446742057800293
Sample 31,Time-MoE,0.5117782354354858
Sample 31,Moirai,0.48822182416915894
Sample 0,Moirai,0.9844948649406433
Sample 0,Time-MoE,0.015505095943808556
Sample 1,TimesFM,0.6500570774078369
Sample 1,Timer,0.3499429523944855
Sample 2,Chronos,0.6930353045463562
Sample 2,TimesFM,0.3069647252559662
Sample 3,Chronos,0.7167974710464478
Sample 3,Timer,0.28320246934890747
Sample 4,Moirai,0.7705990672111511
Sample 4,Time-MoE,0.22940094769001007
Sample 5,Chronos,0.5067353248596191
Sample 5,Timer,0.49326464533805847
Sample 6,Timer,0.7042585611343384
Sample 6,TimesFM,0.295741468667984
Sample 7,Time-MoE,0.5157701969146729
Sample 7,Moirai,0.48422983288764954
Sample 8,Moirai,0.9683346748352051
Sample 8,Time-MoE,0.03166527301073074
Sample 9,TimesFM,0.5877235531806946
Sample 9,Timer,0.41227638721466064
Sample 10,Timer,0.6340475082397461
Sample 10,Time-MoE,0.3659525215625763
Sample 11,Timer,0.8022315502166748
Sample 11,Time-MoE,0.1977684199810028
Sample 12,Moirai,0.6792334318161011
Sample 12,Timer,0.3207665979862213
Sample 13,TimesFM,0.733940064907074
Sample 13,Timer,0.2660599946975708
Sample 14,Timer,0.7485628724098206
Sample 14,Chronos,0.25143715739250183
Sample 15,Moirai,0.5958292484283447
Sample 15,Time-MoE,0.4041707515716553
Sample 16,Moirai,0.7253521084785461
Sample 16,Timer,0.27464786171913147
Sample 17,Timer,0.6841669082641602
Sample 17,TimesFM,0.31583309173583984
Sample 18,TimesFM,0.7014466524124146
Sample 18,Chronos,0.29855337738990784
Sample 19,Moirai,0.5347517728805542
Sample 19,Timer,0.4652482867240906
Sample 20,Timer,0.5904733538627625
Sample 20,Moirai,0.40952661633491516
Sample 21,Timer,0.5995947122573853
Sample 21,TimesFM,0.40040525794029236
Sample 22,Chronos,0.611995279788971
Sample 22,Timer,0.38800469040870667
Sample 23,Chronos,0.6028245687484741
Sample 23,Time-MoE,0.3971754014492035
Sample 24,Moirai,0.9609289765357971
Sample 24,Time-MoE,0.03907100111246109
Sample 25,TimesFM,0.6161348223686218
Sample 25,Timer,0.38386520743370056
Sample 26,Time-MoE,0.5084013342857361
Sample 26,Moirai,0.4915986657142639
Sample 27,TimesFM,0.6541228890419006
Sample 27,Timer,0.34587714076042175
Sample 28,Time-MoE,0.6963706016540527
Sample 28,Moirai,0.3036293685436249
Sample 29,Timer,0.5295458436012268
Sample 29,TimesFM,0.4704541862010956
Sample 30,Timer,0.6166260838508606
Sample 30,TimesFM,0.383373886346817
Sample 31,Moirai,0.6998582482337952
Sample 31,Time-MoE,0.30014172196388245
Sample 0,Moirai,0.9918317198753357
Sample 0,Timer,0.008168312720954418
Sample 1,Timer,0.6697133183479309
Sample 1,Chronos,0.3302866816520691
Sample 2,Moirai,0.6008623242378235
Sample 2,Chronos,0.39913761615753174
Sample 3,Chronos,0.743285059928894
Sample 3,Timer,0.25671491026878357
Sample 4,Chronos,0.6499979496002197
Sample 4,Timer,0.35000211000442505
Sample 5,Moirai,0.8130560517311096
Sample 5,Timer,0.18694394826889038
Sample 6,Timer,0.6315096616744995
Sample 6,TimesFM,0.3684903681278229
Sample 7,Moirai,0.7884522676467896
Sample 7,Time-MoE,0.21154768764972687
Sample 8,Moirai,0.9995237588882446
Sample 8,Time-MoE,0.0004762157332152128
Sample 9,Timer,0.5451098084449768
Sample 9,Chronos,0.4548901915550232
Sample 10,Chronos,0.6271835565567017
Sample 10,Time-MoE,0.37281638383865356
Sample 11,Chronos,0.5410799980163574
Sample 11,Timer,0.45892003178596497
Sample 12,Moirai,0.7703943252563477
Sample 12,Chronos,0.22960565984249115
Sample 13,Timer,0.617887020111084
Sample 13,TimesFM,0.382112979888916
Sample 14,TimesFM,0.6098503470420837
Sample 14,Timer,0.39014965295791626
Sample 15,Moirai,0.8800349831581116
Sample 15,Time-MoE,0.11996494978666306
Sample 16,Moirai,0.994398295879364
Sample 16,Timer,0.005601698067039251
Sample 17,Timer,0.7754077911376953
Sample 17,Chronos,0.2245921641588211
Sample 18,Moirai,0.6444539427757263
Sample 18,Time-MoE,0.3555460274219513
Sample 19,Chronos,0.5343778133392334
Sample 19,Timer,0.4656221866607666
Sample 20,Timer,0.6204354763031006
Sample 20,Moirai,0.3795645534992218
Sample 21,Timer,0.5426220893859863
Sample 21,Chronos,0.4573778808116913
Sample 22,Moirai,0.8141627907752991
Sample 22,Timer,0.1858372688293457
Sample 23,Moirai,0.7349593639373779
Sample 23,Time-MoE,0.26504063606262207
Sample 24,Moirai,0.9914678335189819
Sample 24,Timer,0.008532200939953327
Sample 25,Timer,0.5082573890686035
Sample 25,Chronos,0.4917426109313965
Sample 26,Moirai,0.5351516604423523
Sample 26,Timer,0.4648483991622925
Sample 27,TimesFM,0.5989386439323425
Sample 27,Timer,0.4010612964630127
Sample 28,Moirai,0.9515982866287231
Sample 28,Time-MoE,0.048401784151792526
Sample 29,TimesFM,0.555860698223114
Sample 29,Timer,0.44413936138153076
Sample 30,TimesFM,0.5068506598472595
Sample 30,Timer,0.4931493401527405
Sample 31,Moirai,0.8430919647216797
Sample 31,Time-MoE,0.1569080501794815
Sample 0,Moirai,0.9877914190292358
Sample 0,Chronos,0.012208638712763786
Sample 1,TimesFM,0.6275205612182617
Sample 1,Timer,0.3724794089794159
Sample 2,Timer,0.5969251990318298
Sample 2,Chronos,0.40307483077049255
Sample 3,TimesFM,0.6763432025909424
Sample 3,Timer,0.3236567974090576
Sample 4,TimesFM,0.5380677580833435
Sample 4,Timer,0.4619322121143341
Sample 5,TimesFM,0.6119890213012695
Sample 5,Timer,0.38801097869873047
Sample 6,Timer,0.5407062768936157
Sample 6,Chronos,0.45929375290870667
Sample 7,Moirai,0.8614790439605713
Sample 7,Timer,0.1385210007429123
Sample 8,Moirai,0.9689612984657288
Sample 8,Time-MoE,0.031038690358400345
Sample 9,TimesFM,0.6230683326721191
Sample 9,Chronos,0.37693169713020325
Sample 10,Time-MoE,0.7806651592254639
Sample 10,Timer,0.21933479607105255
Sample 11,Moirai,0.6641128659248352
Sample 11,Timer,0.3358871340751648
Sample 12,Timer,0.6725665330886841
Sample 12,Moirai,0.3274334967136383
Sample 13,TimesFM,0.688049852848053
Sample 13,Chronos,0.3119501769542694
Sample 14,Timer,0.5777765512466431
Sample 14,Time-MoE,0.42222344875335693
Sample 15,TimesFM,0.5361786484718323
Sample 15,Chronos,0.4638213813304901
Sample 16,Moirai,0.9714008569717407
Sample 16,TimesFM,0.028599144890904427
Sample 17,TimesFM,0.6712586283683777
Sample 17,Timer,0.32874131202697754
Sample 18,TimesFM,0.6308895945549011
Sample 18,Timer,0.3691104054450989
Sample 19,TimesFM,0.7091003656387329
Sample 19,Timer,0.2908995747566223
Sample 20,Time-MoE,0.7231687307357788
Sample 20,Moirai,0.2768312692642212
Sample 21,TimesFM,0.5679628849029541
Sample 21,Timer,0.4320371150970459
Sample 22,Chronos,0.580367386341095
Sample 22,Timer,0.41963261365890503
Sample 23,Moirai,0.6059564352035522
Sample 23,Timer,0.39404353499412537
Sample 24,Moirai,0.994758665561676
Sample 24,Time-MoE,0.005241259932518005
Sample 25,TimesFM,0.5471263527870178
Sample 25,Chronos,0.45287367701530457
Sample 26,Chronos,0.5203320384025574
Sample 26,TimesFM,0.47966793179512024
Sample 27,Chronos,0.5050994157791138
Sample 27,TimesFM,0.494900643825531
Sample 28,Moirai,0.8990601897239685
Sample 28,TimesFM,0.10093988478183746
Sample 29,Timer,0.6518990397453308
Sample 29,Time-MoE,0.34810101985931396
Sample 30,TimesFM,0.6133044958114624
Sample 30,Chronos,0.38669553399086
Sample 31,Moirai,0.9367870092391968
Sample 31,Timer,0.06321299076080322
Sample 0,Moirai,0.9915094375610352
Sample 0,Time-MoE,0.008490524254739285
Sample 1,TimesFM,0.6238374710083008
Sample 1,Timer,0.3761625587940216
Sample 2,Moirai,0.6709411144256592
Sample 2,Timer,0.3290588855743408
Sample 3,Chronos,0.6187700033187866
Sample 3,TimesFM,0.3812299966812134
Sample 4,Moirai,0.8094407916069031
Sample 4,Time-MoE,0.19055917859077454
Sample 5,TimesFM,0.6957476735115051
Sample 5,Timer,0.3042523264884949
Sample 6,Timer,0.5998795628547668
Sample 6,Chronos,0.40012043714523315
Sample 7,Time-MoE,0.5678110122680664
Sample 7,Moirai,0.4321889579296112
Sample 8,Moirai,0.9451019763946533
Sample 8,TimesFM,0.05489806830883026
Sample 9,TimesFM,0.6962761282920837
Sample 9,Timer,0.30372387170791626
Sample 10,Timer,0.57240229845047
Sample 10,Moirai,0.4275977611541748
Sample 11,TimesFM,0.509925365447998
Sample 11,Chronos,0.49007463455200195
Sample 12,Chronos,0.9302095174789429
Sample 12,Timer,0.06979053467512131
Sample 13,TimesFM,0.5793325304985046
Sample 13,Chronos,0.42066746950149536
Sample 14,Time-MoE,0.8135790228843689
Sample 14,Timer,0.1864210069179535
Sample 15,Moirai,0.9579172730445862
Sample 15,Timer,0.04208268225193024
Sample 16,Moirai,0.91246098279953
Sample 16,Time-MoE,0.08753896504640579
Sample 17,TimesFM,0.7396068572998047
Sample 17,Timer,0.2603931128978729
Sample 18,Moirai,0.70267653465271
Sample 18,Time-MoE,0.29732343554496765
Sample 19,TimesFM,0.7543134689331055
Sample 19,Timer,0.24568648636341095
Sample 20,TimesFM,0.7047770619392395
Sample 20,Timer,0.2952229678630829
Sample 21,Chronos,0.5022547245025635
Sample 21,TimesFM,0.4977452754974365
Sample 22,Timer,0.5202942490577698
Sample 22,Time-MoE,0.4797057807445526
Sample 23,Moirai,0.9048113226890564
Sample 23,Time-MoE,0.09518870711326599
Sample 24,Moirai,0.9756876230239868
Sample 24,Time-MoE,0.0243123397231102
Sample 25,Time-MoE,0.5471664667129517
Sample 25,Timer,0.45283350348472595
Sample 26,Moirai,0.7422040700912476
Sample 26,Timer,0.25779590010643005
Sample 27,TimesFM,0.6307476162910461
Sample 27,Timer,0.36925235390663147
Sample 28,TimesFM,0.7933988571166992
Sample 28,Moirai,0.2066010683774948
Sample 29,Timer,0.5251452326774597
Sample 29,Chronos,0.47485479712486267
Sample 30,Moirai,0.7070698142051697
Sample 30,TimesFM,0.2929301857948303
Sample 31,Time-MoE,0.7983438372612
Sample 31,TimesFM,0.20165619254112244
Sample 0,Moirai,0.688969612121582
Sample 0,Chronos,0.31103041768074036
Sample 1,TimesFM,0.6939172744750977
Sample 1,Chronos,0.30608266592025757
Sample 2,Moirai,0.6285341382026672
Sample 2,Timer,0.371465802192688
Sample 3,Timer,0.5333322286605835
Sample 3,Chronos,0.46666771173477173
Sample 4,Timer,0.5948916077613831
Sample 4,Chronos,0.40510836243629456
Sample 5,Chronos,0.6016069054603577
Sample 5,TimesFM,0.3983931541442871
Sample 6,Chronos,0.5329644680023193
Sample 6,Timer,0.4670355021953583
Sample 7,Moirai,0.8197861909866333
Sample 7,Timer,0.18021386861801147
Sample 8,Moirai,0.9996969699859619
Sample 8,Time-MoE,0.0003030973603017628
Sample 9,Timer,0.5972038507461548
Sample 9,Chronos,0.4027961492538452
Sample 10,Chronos,0.5616536140441895
Sample 10,Time-MoE,0.43834641575813293
Sample 11,TimesFM,0.6658236980438232
Sample 11,Chronos,0.33417633175849915
Sample 12,Moirai,0.8131240606307983
Sample 12,Timer,0.18687593936920166
Sample 13,TimesFM,0.6039410829544067
Sample 13,Chronos,0.39605891704559326
Sample 14,Timer,0.5250577926635742
Sample 14,Chronos,0.47494223713874817
Sample 15,Moirai,0.7198145389556885
Sample 15,Time-MoE,0.28018540143966675
Sample 0,Moirai,0.9984756112098694
Sample 0,Timer,0.0015244082314893603
Sample 1,TimesFM,0.5827048420906067
Sample 1,Chronos,0.4172951877117157
Sample 2,Time-MoE,0.8042659163475037
Sample 2,Timer,0.19573405385017395
Sample 3,TimesFM,0.5066669583320618
Sample 3,Chronos,0.49333301186561584
Sample 4,Moirai,0.6883682012557983
Sample 4,Timer,0.3116317689418793
Sample 5,Chronos,0.5668296217918396
Sample 5,TimesFM,0.4331704080104828
Sample 6,TimesFM,0.5624249577522278
Sample 6,Timer,0.4375750422477722
Sample 7,Moirai,0.8840055465698242
Sample 7,Time-MoE,0.11599450558423996
Sample 8,Moirai,0.9965590834617615
Sample 8,Chronos,0.0034409314393997192
Sample 9,Chronos,0.5351583361625671
Sample 9,TimesFM,0.46484166383743286
Sample 10,TimesFM,0.7007932066917419
Sample 10,Time-MoE,0.29920676350593567
Sample 11,TimesFM,0.5867132544517517
Sample 11,Timer,0.4132867753505707
Sample 12,Moirai,0.8439663648605347
Sample 12,Time-MoE,0.15603365004062653
Sample 13,TimesFM,0.5566473603248596
Sample 13,Time-MoE,0.4433525800704956
Sample 14,Timer,0.5082809329032898
Sample 14,Chronos,0.4917190670967102
Sample 15,Moirai,0.9668081998825073
Sample 15,Time-MoE,0.033191755414009094
Sample 16,Moirai,0.9916014075279236
Sample 16,TimesFM,0.008398578502237797
Sample 17,TimesFM,0.5593667030334473
Sample 17,Timer,0.44063329696655273
Sample 18,Moirai,0.6560119390487671
Sample 18,Timer,0.3439880907535553
Sample 19,Chronos,0.5673295259475708
Sample 19,Timer,0.4326705038547516
Sample 20,Moirai,0.9777103066444397
Sample 20,Timer,0.022289684042334557
Sample 21,Chronos,0.5624030232429504
Sample 21,TimesFM,0.43759697675704956
Sample 22,Time-MoE,0.5605301260948181
Sample 22,Chronos,0.4394698739051819
Sample 23,Chronos,0.6596661806106567
Sample 23,TimesFM,0.34033381938934326
Sample 24,Moirai,0.9957910776138306
Sample 24,Chronos,0.004208937752991915
Sample 25,Chronos,0.5286717414855957
Sample 25,TimesFM,0.4713282585144043
Sample 26,Moirai,0.7644976377487183
Sample 26,TimesFM,0.23550231754779816
Sample 27,TimesFM,0.5533779263496399
Sample 27,Moirai,0.4466221332550049
Sample 28,Time-MoE,0.7689725756645203
Sample 28,TimesFM,0.23102742433547974
Sample 29,Chronos,0.5578110218048096
Sample 29,TimesFM,0.44218894839286804
Sample 30,TimesFM,0.6376369595527649
Sample 30,Time-MoE,0.3623630106449127
Sample 31,Moirai,0.7646899819374084
Sample 31,Time-MoE,0.23531001806259155
Sample 0,Moirai,0.9966752529144287
Sample 0,Timer,0.0033247622195631266
Sample 1,TimesFM,0.532556414604187
Sample 1,Timer,0.4674436151981354
Sample 2,Time-MoE,0.8215047717094421
Sample 2,Timer,0.17849518358707428
Sample 3,TimesFM,0.7011123299598694
Sample 3,Chronos,0.2988876402378082
Sample 4,Chronos,0.5432227849960327
Sample 4,Time-MoE,0.4567772448062897
Sample 5,TimesFM,0.8186932802200317
Sample 5,Chronos,0.18130671977996826
Sample 6,Chronos,0.6323040127754211
Sample 6,TimesFM,0.3676959276199341
Sample 7,Moirai,0.8123772740364075
Sample 7,Timer,0.18762268126010895
Sample 8,Moirai,0.9757630825042725
Sample 8,Time-MoE,0.024236861616373062
Sample 9,Chronos,0.5875498056411743
Sample 9,TimesFM,0.41245025396347046
Sample 10,Timer,0.5681473612785339
Sample 10,Time-MoE,0.43185263872146606
Sample 11,TimesFM,0.5187948942184448
Sample 11,Chronos,0.4812051057815552
Sample 12,Chronos,0.5202227234840393
Sample 12,TimesFM,0.4797772765159607
Sample 13,TimesFM,0.6006638407707214
Sample 13,Chronos,0.39933618903160095
Sample 14,Chronos,0.5907588601112366
Sample 14,TimesFM,0.4092411696910858
Sample 15,Moirai,0.8915998339653015
Sample 15,Timer,0.10840019583702087
Sample 16,Moirai,0.9891117215156555
Sample 16,Time-MoE,0.01088832039386034
Sample 17,TimesFM,0.5496782660484314
Sample 17,Chronos,0.4503217041492462
Sample 18,Time-MoE,0.5733137726783752
Sample 18,Chronos,0.42668625712394714
Sample 19,TimesFM,0.6087625622749329
Sample 19,Chronos,0.39123743772506714
Sample 20,Moirai,0.5167400240898132
Sample 20,Chronos,0.48325997591018677
Sample 21,TimesFM,0.5344817042350769
Sample 21,Chronos,0.4655183255672455
Sample 22,TimesFM,0.5435347557067871
Sample 22,Timer,0.4564652740955353
Sample 23,Time-MoE,0.7023397088050842
Sample 23,Moirai,0.29766032099723816
Sample 24,Moirai,0.9547344446182251
Sample 24,TimesFM,0.0452655665576458
Sample 25,TimesFM,0.6164938807487488
Sample 25,Chronos,0.3835061192512512
Sample 26,Timer,0.5969358086585999
Sample 26,TimesFM,0.40306416153907776
Sample 27,TimesFM,0.8525819778442383
Sample 27,Timer,0.14741796255111694
Sample 28,Moirai,0.9108733534812927
Sample 28,Timer,0.08912669867277145
Sample 29,Chronos,0.6340328454971313
Sample 29,TimesFM,0.36596712470054626
Sample 30,Timer,0.5035079121589661
Sample 30,Chronos,0.49649208784103394
Sample 31,Moirai,0.8259590864181519
Sample 31,Time-MoE,0.17404095828533173
Sample 0,Moirai,0.9892701506614685
Sample 0,Time-MoE,0.010729881934821606
Sample 1,TimesFM,0.7040337324142456
Sample 1,Chronos,0.295966237783432
Sample 2,TimesFM,0.5126810669898987
Sample 2,Chronos,0.4873189330101013
Sample 3,Chronos,0.5042099356651306
Sample 3,TimesFM,0.4957900643348694
Sample 4,Moirai,0.9348264336585999
Sample 4,Time-MoE,0.06517360359430313
Sample 5,TimesFM,0.5339131951332092
Sample 5,Chronos,0.4660867750644684
Sample 6,TimesFM,0.5827347040176392
Sample 6,Timer,0.4172653555870056
Sample 7,Moirai,0.9610816240310669
Sample 7,Time-MoE,0.038918398320674896
Sample 8,Moirai,0.8478044867515564
Sample 8,Time-MoE,0.1521955281496048
Sample 9,Chronos,0.5331230163574219
Sample 9,TimesFM,0.4668769836425781
Sample 10,Chronos,0.6489205956459045
Sample 10,TimesFM,0.35107946395874023
Sample 11,TimesFM,0.6493270397186279
Sample 11,Time-MoE,0.35067299008369446
Sample 12,Time-MoE,0.6503753662109375
Sample 12,Moirai,0.3496246635913849
Sample 13,Chronos,0.6589486598968506
Sample 13,TimesFM,0.3410513699054718
Sample 14,TimesFM,0.6051327586174011
Sample 14,Timer,0.39486727118492126
Sample 15,Moirai,0.829220712184906
Sample 15,Time-MoE,0.1707792729139328
Sample 16,Moirai,0.7489613890647888
Sample 16,TimesFM,0.25103864073753357
Sample 17,Chronos,0.6844872832298279
Sample 17,TimesFM,0.3155127465724945
Sample 18,Chronos,0.5026601552963257
Sample 18,Timer,0.4973398447036743
Sample 19,Moirai,0.6242563128471375
Sample 19,TimesFM,0.3757436275482178
Sample 20,Timer,0.6172164082527161
Sample 20,Time-MoE,0.38278356194496155
Sample 21,Chronos,0.5416373014450073
Sample 21,TimesFM,0.45836272835731506
Sample 22,Time-MoE,0.5502785444259644
Sample 22,Timer,0.44972148537635803
Sample 23,TimesFM,0.5182281136512756
Sample 23,Chronos,0.481771856546402
Sample 24,Moirai,0.9696182012557983
Sample 24,Time-MoE,0.030381876975297928
Sample 25,Chronos,0.5707706212997437
Sample 25,TimesFM,0.42922940850257874
Sample 26,Time-MoE,0.534271776676178
Sample 26,Chronos,0.465728223323822
Sample 27,TimesFM,0.7188764214515686
Sample 27,Chronos,0.281123548746109
Sample 28,Timer,0.6446372866630554
Sample 28,Time-MoE,0.3553626835346222
Sample 29,Chronos,0.7186418175697327
Sample 29,TimesFM,0.28135815262794495
Sample 30,Time-MoE,0.5871196985244751
Sample 30,TimesFM,0.4128803312778473
Sample 31,Moirai,0.8858941793441772
Sample 31,Time-MoE,0.11410585045814514
Sample 0,Moirai,0.9939874410629272
Sample 0,Timer,0.006012606434524059
Sample 1,Chronos,0.6223503351211548
Sample 1,TimesFM,0.3776496648788452
Sample 2,Moirai,0.6696819067001343
Sample 2,TimesFM,0.33031803369522095
Sample 3,TimesFM,0.6663210391998291
Sample 3,Chronos,0.3336789608001709
Sample 4,Timer,0.6052243709564209
Sample 4,TimesFM,0.3947756886482239
Sample 5,Moirai,0.7433347702026367
Sample 5,Chronos,0.25666525959968567
Sample 6,Moirai,0.5150933861732483
Sample 6,TimesFM,0.4849066138267517
Sample 7,Moirai,0.6111117601394653
Sample 7,Time-MoE,0.3888881802558899
Sample 8,Moirai,0.9970093369483948
Sample 8,Time-MoE,0.0029906942509114742
Sample 9,TimesFM,0.5038028955459595
Sample 9,Chronos,0.4961971044540405
Sample 10,Time-MoE,0.527164101600647
Sample 10,Timer,0.4728359580039978
Sample 11,TimesFM,0.5652042031288147
Sample 11,Chronos,0.4347958564758301
Sample 12,Moirai,0.72124844789505
Sample 12,Time-MoE,0.27875152230262756
Sample 13,TimesFM,0.868408739566803
Sample 13,Chronos,0.13159124553203583
Sample 14,TimesFM,0.8055527806282043
Sample 14,Time-MoE,0.19444720447063446
Sample 15,Moirai,0.939142107963562
Sample 15,Timer,0.06085784360766411
Sample 16,Moirai,0.999685525894165
Sample 16,Timer,0.00031444395426660776
Sample 17,Timer,0.7246133685112
Sample 17,TimesFM,0.2753865718841553
Sample 18,Moirai,0.8273156881332397
Sample 18,Chronos,0.17268431186676025
Sample 19,TimesFM,0.8109238147735596
Sample 19,Timer,0.18907612562179565
Sample 20,Moirai,0.5925295352935791
Sample 20,Timer,0.4074704051017761
Sample 21,Timer,0.5776851773262024
Sample 21,TimesFM,0.4223148226737976
Sample 22,Timer,0.5965840816497803
Sample 22,Time-MoE,0.40341588854789734
Sample 23,Moirai,0.8163995146751404
Sample 23,Timer,0.1836005002260208
Sample 24,Moirai,0.9989312291145325
Sample 24,Time-MoE,0.0010688004549592733
Sample 25,TimesFM,0.5867006182670593
Sample 25,Chronos,0.41329941153526306
Sample 26,Moirai,0.6697608232498169
Sample 26,Timer,0.3302391767501831
Sample 27,Chronos,0.5495414733886719
Sample 27,Timer,0.45045846700668335
Sample 28,Time-MoE,0.5085406303405762
Sample 28,Moirai,0.49145933985710144
Sample 29,Chronos,0.6564463376998901
Sample 29,Time-MoE,0.3435536324977875
Sample 30,TimesFM,0.5171028971672058
Sample 30,Timer,0.4828970432281494
Sample 31,Time-MoE,0.6232073903083801
Sample 31,Moirai,0.3767925798892975
Sample 0,Moirai,0.9918909072875977
Sample 0,Timer,0.008109087124466896
Sample 1,Chronos,0.5707700252532959
Sample 1,TimesFM,0.4292299449443817
Sample 2,TimesFM,0.6231791377067566
Sample 2,Time-MoE,0.376820832490921
Sample 3,TimesFM,0.629328727722168
Sample 3,Chronos,0.3706713318824768
Sample 4,Timer,0.5450770258903503
Sample 4,TimesFM,0.45492297410964966
Sample 5,Chronos,0.7796368598937988
Sample 5,TimesFM,0.22036314010620117
Sample 6,TimesFM,0.6480275392532349
Sample 6,Chronos,0.3519724905490875
Sample 7,Moirai,0.993187665939331
Sample 7,Chronos,0.006812291219830513
Sample 8,Moirai,0.9973077774047852
Sample 8,Time-MoE,0.002692194189876318
Sample 9,Chronos,0.512601912021637
Sample 9,TimesFM,0.4873981475830078
Sample 10,Time-MoE,0.8523710370063782
Sample 10,Moirai,0.14762890338897705
Sample 11,Moirai,0.7195768356323242
Sample 11,TimesFM,0.28042319416999817
Sample 12,Timer,0.5370568037033081
Sample 12,Moirai,0.4629431962966919
Sample 13,Chronos,0.5743529200553894
Sample 13,TimesFM,0.4256470501422882
Sample 14,Chronos,0.7909927368164062
Sample 14,Time-MoE,0.20900727808475494
Sample 15,TimesFM,0.8370440006256104
Sample 15,Time-MoE,0.16295598447322845
Sample 16,Moirai,0.9668372869491577
Sample 16,Chronos,0.03316277265548706
Sample 17,TimesFM,0.6786453723907471
Sample 17,Chronos,0.32135462760925293
Sample 18,TimesFM,0.5912064909934998
Sample 18,Timer,0.40879350900650024
Sample 19,TimesFM,0.6035258769989014
Sample 19,Chronos,0.39647409319877625
Sample 20,Moirai,0.5855847597122192
Sample 20,Time-MoE,0.4144152104854584
Sample 21,TimesFM,0.5073720812797546
Sample 21,Chronos,0.49262791872024536
Sample 22,TimesFM,0.512474536895752
Sample 22,Chronos,0.48752546310424805
Sample 23,Moirai,0.5768654942512512
Sample 23,Timer,0.42313453555107117
Sample 24,Moirai,0.9999462366104126
Sample 24,Timer,5.3805506468052045e-05
Sample 25,Chronos,0.5482368469238281
Sample 25,TimesFM,0.4517631232738495
Sample 26,Time-MoE,0.5140148997306824
Sample 26,Moirai,0.4859851002693176
Sample 27,TimesFM,0.5992245674133301
Sample 27,Chronos,0.40077540278434753
Sample 28,Moirai,0.8531940579414368
Sample 28,Time-MoE,0.14680595695972443
Sample 29,Timer,0.6179295182228088
Sample 29,Chronos,0.3820704519748688
Sample 30,Chronos,0.5911599397659302
Sample 30,TimesFM,0.40884003043174744
Sample 31,Moirai,0.9142293930053711
Sample 31,Time-MoE,0.08577053993940353
Sample 0,Moirai,0.9973664879798889
Sample 0,Timer,0.0026335858274251223
Sample 1,Chronos,0.6950752139091492
Sample 1,TimesFM,0.30492478609085083
Sample 2,Time-MoE,0.697529673576355
Sample 2,Chronos,0.302470326423645
Sample 3,TimesFM,0.6890365481376648
Sample 3,Chronos,0.31096339225769043
Sample 4,Moirai,0.7445650696754456
Sample 4,Time-MoE,0.25543496012687683
Sample 5,Chronos,0.6600372195243835
Sample 5,Timer,0.33996275067329407
Sample 6,Moirai,0.7080101370811462
Sample 6,Chronos,0.29198989272117615
Sample 7,Moirai,0.8245387077331543
Sample 7,Timer,0.17546121776103973
Sample 8,Moirai,0.9974296689033508
Sample 8,Time-MoE,0.002570332493633032
Sample 9,Chronos,0.6107999682426453
Sample 9,TimesFM,0.38920000195503235
Sample 10,Timer,0.6435612440109253
Sample 10,Moirai,0.3564387261867523
Sample 11,Chronos,0.5935904383659363
Sample 11,TimesFM,0.40640953183174133
Sample 12,Time-MoE,0.5064579248428345
Sample 12,TimesFM,0.4935420751571655
Sample 13,Chronos,0.6306799054145813
Sample 13,Timer,0.3693201243877411
Sample 14,Time-MoE,0.7482815384864807
Sample 14,Chronos,0.2517184913158417
Sample 15,Timer,0.5453675389289856
Sample 15,Moirai,0.454632431268692
Sample 16,Moirai,0.9932839870452881
Sample 16,Timer,0.006715993396937847
Sample 17,TimesFM,0.5575790405273438
Sample 17,Time-MoE,0.44242092967033386
Sample 18,Moirai,0.8147050142288208
Sample 18,Timer,0.185294970870018
Sample 19,TimesFM,0.5085967779159546
Sample 19,Chronos,0.4914032518863678
Sample 20,TimesFM,0.619070827960968
Sample 20,Time-MoE,0.38092920184135437
Sample 21,Chronos,0.8031692504882812
Sample 21,TimesFM,0.19683076441287994
Sample 22,Chronos,0.7912930846214294
Sample 22,Time-MoE,0.20870691537857056
Sample 23,Moirai,0.5106220841407776
Sample 23,Time-MoE,0.4893779456615448
Sample 24,Moirai,0.9861229658126831
Sample 24,Time-MoE,0.01387699879705906
Sample 25,Chronos,0.6336069107055664
Sample 25,Time-MoE,0.3663930594921112
Sample 26,Moirai,0.5115309953689575
Sample 26,Timer,0.48846903443336487
Sample 27,TimesFM,0.591758131980896
Sample 27,Chronos,0.4082418382167816
Sample 28,Time-MoE,0.6314277648925781
Sample 28,Moirai,0.3685722351074219
Sample 29,TimesFM,0.5794389247894287
Sample 29,Timer,0.4205610454082489
Sample 30,Time-MoE,0.7486833333969116
Sample 30,Chronos,0.2513166666030884
Sample 31,Time-MoE,0.6654016971588135
Sample 31,TimesFM,0.3345983028411865
Sample 0,Moirai,0.831540584564209
Sample 0,TimesFM,0.16845937073230743
Sample 1,TimesFM,0.5782274603843689
Sample 1,Chronos,0.4217725992202759
Sample 2,TimesFM,0.5133598446846008
Sample 2,Chronos,0.48664018511772156
Sample 3,Chronos,0.5157898664474487
Sample 3,Time-MoE,0.48421013355255127
Sample 4,TimesFM,0.6606922745704651
Sample 4,Chronos,0.3393076956272125
Sample 5,Chronos,0.6929823756217957
Sample 5,TimesFM,0.30701759457588196
Sample 6,TimesFM,0.5934683680534363
Sample 6,Time-MoE,0.40653157234191895
Sample 7,Moirai,0.7904559373855591
Sample 7,Time-MoE,0.2095440775156021
Sample 8,Moirai,0.9992857575416565
Sample 8,Timer,0.0007142699905671179
Sample 9,Chronos,0.5391956567764282
Sample 9,TimesFM,0.4608043134212494
Sample 10,Moirai,0.5239151120185852
Sample 10,Timer,0.4760848581790924
Sample 11,Chronos,0.6092857122421265
Sample 11,TimesFM,0.3907143175601959
Sample 12,Time-MoE,0.6431970596313477
Sample 12,TimesFM,0.35680297017097473
Sample 13,TimesFM,0.5043524503707886
Sample 13,Chronos,0.4956475496292114
Sample 14,Chronos,0.6909965872764587
Sample 14,Timer,0.30900338292121887
Sample 15,Moirai,0.9061529040336609
Sample 15,Time-MoE,0.09384708106517792
Sample 0,Moirai,0.998484194278717
Sample 0,Time-MoE,0.001515852054581046
Sample 1,Chronos,0.5260631442070007
Sample 1,TimesFM,0.47393685579299927
Sample 2,TimesFM,0.5043636560440063
Sample 2,Chronos,0.49563634395599365
Sample 3,Chronos,0.7259684205055237
Sample 3,Time-MoE,0.2740316092967987
Sample 4,Moirai,0.5738529562950134
Sample 4,Chronos,0.42614707350730896
Sample 5,Chronos,0.504655659198761
Sample 5,TimesFM,0.495344340801239
Sample 6,Chronos,0.5808976292610168
Sample 6,Timer,0.41910237073898315
Sample 7,Moirai,0.5952205061912537
Sample 7,Timer,0.4047795236110687
Sample 8,Moirai,0.9983766078948975
Sample 8,Timer,0.0016234222566708922
Sample 9,Chronos,0.8243247270584106
Sample 9,Timer,0.17567522823810577
Sample 10,Chronos,0.5054041743278503
Sample 10,Moirai,0.49459582567214966
Sample 11,TimesFM,0.7806178331375122
Sample 11,Chronos,0.21938224136829376
Sample 12,Timer,0.5873695015907288
Sample 12,Moirai,0.41263049840927124
Sample 13,TimesFM,0.5376073122024536
Sample 13,Chronos,0.4623926877975464
Sample 14,Chronos,0.7244885563850403
Sample 14,Time-MoE,0.2755115032196045
Sample 15,Moirai,0.9720130562782288
Sample 15,Time-MoE,0.02798687480390072
Sample 16,Moirai,0.9780802726745605
Sample 16,Chronos,0.021919703111052513
Sample 17,Chronos,0.7314233183860779
Sample 17,TimesFM,0.26857662200927734
Sample 18,Timer,0.7654333710670471
Sample 18,Moirai,0.2345666140317917
Sample 19,Chronos,0.5753822922706604
Sample 19,TimesFM,0.424617737531662
Sample 20,Moirai,0.8337113261222839
Sample 20,Chronos,0.16628867387771606
Sample 21,TimesFM,0.5539371967315674
Sample 21,Chronos,0.446062833070755
Sample 22,Time-MoE,0.528571367263794
Sample 22,Timer,0.47142863273620605
Sample 23,Timer,0.6487017869949341
Sample 23,Time-MoE,0.35129818320274353
Sample 24,Moirai,0.9133501648902893
Sample 24,Time-MoE,0.0866498053073883
Sample 25,TimesFM,0.5105277895927429
Sample 25,Chronos,0.4894721508026123
Sample 26,Moirai,0.6415941715240479
Sample 26,Chronos,0.35840582847595215
Sample 27,Chronos,0.506803035736084
Sample 27,Moirai,0.4931969940662384
Sample 28,Timer,0.5456021428108215
Sample 28,TimesFM,0.4543978273868561
Sample 29,TimesFM,0.6116588115692139
Sample 29,Chronos,0.3883412182331085
Sample 30,Timer,0.6495115756988525
Sample 30,TimesFM,0.35048845410346985
Sample 31,Moirai,0.8947123289108276
Sample 31,TimesFM,0.10528763383626938
Sample 0,Moirai,0.9955997467041016
Sample 0,TimesFM,0.004400275647640228
Sample 1,Chronos,0.5370285511016846
Sample 1,Timer,0.46297141909599304
Sample 2,Chronos,0.7123960256576538
Sample 2,Time-MoE,0.2876039743423462
Sample 3,Chronos,0.6424528360366821
Sample 3,Timer,0.3575471341609955
Sample 4,TimesFM,0.9417506456375122
Sample 4,Chronos,0.05824931710958481
Sample 5,Chronos,0.5176289677619934
Sample 5,TimesFM,0.4823710024356842
Sample 6,Chronos,0.7137973308563232
Sample 6,Time-MoE,0.28620269894599915
Sample 7,Moirai,0.8240742683410645
Sample 7,Time-MoE,0.17592577636241913
Sample 8,Moirai,0.9980517625808716
Sample 8,Time-MoE,0.001948262332007289
Sample 9,Time-MoE,0.5569862723350525
Sample 9,Chronos,0.44301366806030273
Sample 10,Time-MoE,0.5129876136779785
Sample 10,Timer,0.48701241612434387
Sample 11,Moirai,0.5791533589363098
Sample 11,TimesFM,0.4208466708660126
Sample 12,Timer,0.5676053166389465
Sample 12,Time-MoE,0.43239468336105347
Sample 13,Timer,0.5090526342391968
Sample 13,TimesFM,0.4909473657608032
Sample 14,Chronos,0.8216801285743713
Sample 14,Timer,0.17831984162330627
Sample 15,Moirai,0.8579412698745728
Sample 15,Timer,0.14205880463123322
Sample 16,Moirai,0.9905333518981934
Sample 16,Chronos,0.009466682560741901
Sample 17,Timer,0.5737890601158142
Sample 17,Chronos,0.4262109398841858
Sample 18,Chronos,0.8984149098396301
Sample 18,Timer,0.10158506780862808
Sample 19,Chronos,0.6930590271949768
Sample 19,Timer,0.30694103240966797
Sample 20,Chronos,0.5368455052375793
Sample 20,TimesFM,0.46315455436706543
Sample 21,Moirai,0.536700963973999
Sample 21,Chronos,0.4632990062236786
Sample 22,Timer,0.5722405910491943
Sample 22,Time-MoE,0.4277593493461609
Sample 23,Moirai,0.716168999671936
Sample 23,Timer,0.2838309407234192
Sample 24,Moirai,0.9725220799446106
Sample 24,Chronos,0.02747790329158306
Sample 25,Chronos,0.582545816898346
Sample 25,TimesFM,0.41745418310165405
Sample 26,Time-MoE,0.6178727149963379
Sample 26,TimesFM,0.3821273148059845
Sample 27,TimesFM,0.6769968867301941
Sample 27,Chronos,0.3230031132698059
Sample 28,Moirai,0.504904568195343
Sample 28,Timer,0.495095431804657
Sample 29,TimesFM,0.5197196006774902
Sample 29,Chronos,0.4802803695201874
Sample 30,Time-MoE,0.539127767086029
Sample 30,Chronos,0.46087220311164856
Sample 31,Moirai,0.5838029384613037
Sample 31,Timer,0.4161970615386963
Sample 0,Moirai,0.9910128712654114
Sample 0,Timer,0.008987118490040302
Sample 1,TimesFM,0.5857330560684204
Sample 1,Chronos,0.4142669439315796
Sample 2,Chronos,0.52544766664505
Sample 2,Moirai,0.47455230355262756
Sample 3,Chronos,0.6368427872657776
Sample 3,TimesFM,0.36315715312957764
Sample 4,Moirai,0.8750474452972412
Sample 4,Timer,0.12495257705450058
Sample 5,Chronos,0.6558792591094971
Sample 5,Time-MoE,0.34412068128585815
Sample 6,Time-MoE,0.5143454670906067
Sample 6,TimesFM,0.4856545925140381
Sample 7,Time-MoE,0.532184898853302
Sample 7,Chronos,0.467815101146698
Sample 8,Moirai,0.9910835027694702
Sample 8,Timer,0.008916557766497135
Sample 9,Chronos,0.5366955995559692
Sample 9,Timer,0.4633043706417084
Sample 10,TimesFM,0.5321860909461975
Sample 10,Time-MoE,0.4678138494491577
Sample 11,TimesFM,0.571770191192627
Sample 11,Chronos,0.42822980880737305
Sample 12,Time-MoE,0.5057767629623413
Sample 12,TimesFM,0.4942232668399811
Sample 13,Chronos,0.5652162432670593
Sample 13,TimesFM,0.4347837269306183
Sample 14,Chronos,0.532442569732666
Sample 14,TimesFM,0.46755746006965637
Sample 15,Moirai,0.747981607913971
Sample 15,Time-MoE,0.2520183324813843
Sample 16,Moirai,0.9180498719215393
Sample 16,TimesFM,0.08195015788078308
Sample 17,Chronos,0.5712071061134338
Sample 17,TimesFM,0.42879289388656616
Sample 18,Time-MoE,0.5847301483154297
Sample 18,Timer,0.4152698516845703
Sample 19,Moirai,0.7401145696640015
Sample 19,Chronos,0.25988540053367615
Sample 20,Time-MoE,0.5982807278633118
Sample 20,Moirai,0.40171924233436584
Sample 21,Chronos,0.5361349582672119
Sample 21,Timer,0.4638650715351105
Sample 22,Chronos,0.6900889277458191
Sample 22,Time-MoE,0.3099111020565033
Sample 23,Time-MoE,0.6331725716590881
Sample 23,Timer,0.36682742834091187
Sample 24,Moirai,0.9716964960098267
Sample 24,Timer,0.028303569182753563
Sample 25,TimesFM,0.5941356420516968
Sample 25,Chronos,0.405864417552948
Sample 26,Moirai,0.5521170496940613
Sample 26,Time-MoE,0.44788292050361633
Sample 27,TimesFM,0.6862269043922424
Sample 27,Chronos,0.31377312541007996
Sample 28,Moirai,0.5056024789810181
Sample 28,Time-MoE,0.49439752101898193
Sample 29,Chronos,0.6011685132980347
Sample 29,TimesFM,0.39883145689964294
Sample 30,Chronos,0.5149291157722473
Sample 30,TimesFM,0.4850708544254303
Sample 31,Moirai,0.6963483691215515
Sample 31,TimesFM,0.3036516010761261
Sample 0,Moirai,0.9991562366485596
Sample 0,Timer,0.0008437229553237557
Sample 1,Chronos,0.6363363265991211
Sample 1,Timer,0.3636636435985565
Sample 2,Moirai,0.6068850755691528
Sample 2,TimesFM,0.39311498403549194
Sample 3,Chronos,0.5808102488517761
Sample 3,Timer,0.4191896915435791
Sample 4,Timer,0.5289459824562073
Sample 4,Time-MoE,0.4710540175437927
Sample 5,Moirai,0.8098294138908386
Sample 5,TimesFM,0.19017064571380615
Sample 6,Moirai,0.5711480379104614
Sample 6,Timer,0.4288519322872162
Sample 7,Moirai,0.8052668571472168
Sample 7,Time-MoE,0.19473320245742798
Sample 8,Moirai,0.9995641112327576
Sample 8,Time-MoE,0.0004358288715593517
Sample 9,Chronos,0.6109660863876343
Sample 9,Timer,0.3890339732170105
Sample 10,Time-MoE,0.5790647864341736
Sample 10,Chronos,0.4209352433681488
Sample 11,Chronos,0.6084175705909729
Sample 11,TimesFM,0.3915824592113495
Sample 12,Moirai,0.7988995313644409
Sample 12,Time-MoE,0.20110052824020386
Sample 13,TimesFM,0.574073076248169
Sample 13,Chronos,0.42592692375183105
Sample 14,Chronos,0.858242392539978
Sample 14,Timer,0.14175759255886078
Sample 15,Moirai,0.7002601623535156
Sample 15,TimesFM,0.2997398376464844
Sample 16,Moirai,0.9979283809661865
Sample 16,Timer,0.0020716488361358643
Sample 17,Timer,0.5780051946640015
Sample 17,Chronos,0.42199477553367615
Sample 18,Moirai,0.50199294090271
Sample 18,Timer,0.49800705909729004
Sample 19,Timer,0.5492446422576904
Sample 19,TimesFM,0.45075538754463196
Sample 20,Chronos,0.5282267928123474
Sample 20,Time-MoE,0.4717732071876526
Sample 21,TimesFM,0.5369247198104858
Sample 21,Chronos,0.46307528018951416
Sample 22,Moirai,0.9258689880371094
Sample 22,Time-MoE,0.07413104921579361
Sample 23,Moirai,0.8022428750991821
Sample 23,Timer,0.1977570801973343
Sample 24,Moirai,0.9879589080810547
Sample 24,Time-MoE,0.012041112408041954
Sample 25,Chronos,0.7522105574607849
Sample 25,Time-MoE,0.2477894425392151
Sample 26,Time-MoE,0.7155112624168396
Sample 26,Moirai,0.284488707780838
Sample 27,Chronos,0.6072863340377808
Sample 27,TimesFM,0.39271360635757446
Sample 28,Moirai,0.9318152666091919
Sample 28,Timer,0.06818477809429169
Sample 29,TimesFM,0.6589400768280029
Sample 29,Chronos,0.34105995297431946
Sample 30,Chronos,0.5019453763961792
Sample 30,Time-MoE,0.498054563999176
Sample 31,Moirai,0.8229599595069885
Sample 31,Timer,0.1770399808883667
Sample 0,Moirai,0.9936301112174988
Sample 0,Timer,0.006369908340275288
Sample 1,Timer,0.5001461505889893
Sample 1,Chronos,0.49985384941101074
Sample 2,Time-MoE,0.5187544822692871
Sample 2,Timer,0.4812454879283905
Sample 3,TimesFM,0.8459810018539429
Sample 3,Chronos,0.15401896834373474
Sample 4,Moirai,0.5172819495201111
Sample 4,Timer,0.48271802067756653
Sample 5,Chronos,0.6314194202423096
Sample 5,Timer,0.3685806095600128
Sample 6,Chronos,0.6555516719818115
Sample 6,Moirai,0.34444838762283325
Sample 7,Moirai,0.9256664514541626
Sample 7,TimesFM,0.07433348894119263
Sample 8,Moirai,0.9995827078819275
Sample 8,Time-MoE,0.0004173201450612396
Sample 9,Chronos,0.579718828201294
Sample 9,Timer,0.42028114199638367
Sample 10,Moirai,0.5389852523803711
Sample 10,Time-MoE,0.4610147178173065
Sample 11,Moirai,0.9732424020767212
Sample 11,Chronos,0.026757627725601196
Sample 12,Time-MoE,0.675011396408081
Sample 12,Moirai,0.32498857378959656
Sample 13,Chronos,0.5264753699302673
Sample 13,TimesFM,0.4735246002674103
Sample 14,Timer,0.684597373008728
Sample 14,Time-MoE,0.3154025971889496
Sample 15,TimesFM,0.692538857460022
Sample 15,Time-MoE,0.3074612021446228
Sample 16,Moirai,0.983231782913208
Sample 16,TimesFM,0.0167682021856308
Sample 17,Chronos,0.7036347985267639
Sample 17,Time-MoE,0.2963652014732361
Sample 18,Time-MoE,0.7230592370033264
Sample 18,Moirai,0.2769407033920288
Sample 19,TimesFM,0.7439658045768738
Sample 19,Chronos,0.2560342252254486
Sample 20,Timer,0.5138988494873047
Sample 20,Chronos,0.4861012101173401
Sample 21,Chronos,0.7235475778579712
Sample 21,Timer,0.2764523923397064
Sample 22,Chronos,0.5790390968322754
Sample 22,Timer,0.4209608733654022
Sample 23,Moirai,0.7392117381095886
Sample 23,Timer,0.260788232088089
Sample 24,Moirai,0.999752938747406
Sample 24,Timer,0.00024700266658328474
Sample 25,Timer,0.509890615940094
Sample 25,Chronos,0.490109384059906
Sample 26,Moirai,0.9003151655197144
Sample 26,Timer,0.09968490898609161
Sample 27,Chronos,0.653984546661377
Sample 27,TimesFM,0.34601545333862305
Sample 28,Moirai,0.9209339618682861
Sample 28,Time-MoE,0.07906604558229446
Sample 29,Chronos,0.5621166825294495
Sample 29,Time-MoE,0.43788331747055054
Sample 30,Chronos,0.7447227239608765
Sample 30,TimesFM,0.25527727603912354
Sample 31,Moirai,0.9365299940109253
Sample 31,Timer,0.06347000598907471
Sample 0,Moirai,0.9963886737823486
Sample 0,Time-MoE,0.0036113588139414787
Sample 1,Chronos,0.5729719996452332
Sample 1,TimesFM,0.42702800035476685
Sample 2,Time-MoE,0.6082689762115479
Sample 2,Timer,0.39173105359077454
Sample 3,Time-MoE,0.5092745423316956
Sample 3,Chronos,0.4907255172729492
Sample 4,Moirai,0.6455119252204895
Sample 4,Timer,0.3544881045818329
Sample 5,Chronos,0.5236324071884155
Sample 5,Timer,0.4763675630092621
Sample 6,Timer,0.558388888835907
Sample 6,Moirai,0.441611111164093
Sample 7,Timer,0.7266883254051208
Sample 7,Moirai,0.27331170439720154
Sample 8,Moirai,0.9981654286384583
Sample 8,Time-MoE,0.0018345400458201766
Sample 9,Chronos,0.5381727814674377
Sample 9,Timer,0.46182718873023987
Sample 10,Timer,0.6215351819992065
Sample 10,Moirai,0.37846481800079346
Sample 11,Chronos,0.5931364893913269
Sample 11,Moirai,0.4068635106086731
Sample 12,Time-MoE,0.789465069770813
Sample 12,Timer,0.2105349451303482
Sample 13,TimesFM,0.5955161452293396
Sample 13,Chronos,0.404483824968338
Sample 14,Chronos,0.6276111602783203
Sample 14,Timer,0.3723888099193573
Sample 15,Moirai,0.9085426330566406
Sample 15,Timer,0.09145738184452057
Sample 16,Moirai,0.998980700969696
Sample 16,Time-MoE,0.0010193309281021357
Sample 17,TimesFM,0.6748602390289307
Sample 17,Chronos,0.32513976097106934
Sample 18,Moirai,0.7683196663856506
Sample 18,Time-MoE,0.2316802740097046
Sample 19,Chronos,0.5557793974876404
Sample 19,TimesFM,0.4442206025123596
Sample 20,Chronos,0.5153135657310486
Sample 20,Timer,0.48468640446662903
Sample 21,Chronos,0.5631631016731262
Sample 21,Moirai,0.4368368983268738
Sample 22,Time-MoE,0.5545962452888489
Sample 22,TimesFM,0.4454037547111511
Sample 23,Moirai,0.9473226070404053
Sample 23,Chronos,0.05267737805843353
Sample 24,Moirai,0.9836222529411316
Sample 24,TimesFM,0.016377756372094154
Sample 25,Chronos,0.721921980381012
Sample 25,TimesFM,0.27807798981666565
Sample 26,Timer,0.7910632491111755
Sample 26,TimesFM,0.20893672108650208
Sample 27,TimesFM,0.5967459082603455
Sample 27,Timer,0.40325409173965454
Sample 28,Time-MoE,0.5908797979354858
Sample 28,TimesFM,0.4091201722621918
Sample 29,Chronos,0.695064127445221
Sample 29,Time-MoE,0.30493590235710144
Sample 30,Moirai,0.777033805847168
Sample 30,Timer,0.22296617925167084
Sample 31,Time-MoE,0.8765980005264282
Sample 31,TimesFM,0.12340200692415237
Sample 0,Moirai,0.9448233842849731
Sample 0,Time-MoE,0.05517655983567238
Sample 1,Chronos,0.5563379526138306
Sample 1,Timer,0.4436620771884918
Sample 2,Time-MoE,0.7642421126365662
Sample 2,Moirai,0.23575787246227264
Sample 3,Chronos,0.5374242663383484
Sample 3,TimesFM,0.4625757336616516
Sample 4,Chronos,0.7870634198188782
Sample 4,TimesFM,0.21293658018112183
Sample 5,TimesFM,0.8435937166213989
Sample 5,Timer,0.15640628337860107
Sample 6,Chronos,0.6070885062217712
Sample 6,TimesFM,0.39291149377822876
Sample 7,Time-MoE,0.8266304731369019
Sample 7,Moirai,0.17336954176425934
Sample 8,Moirai,0.9999593496322632
Sample 8,Timer,4.070265276823193e-05
Sample 9,Timer,0.5074974298477173
Sample 9,TimesFM,0.4925025701522827
Sample 10,TimesFM,0.7270484566688538
Sample 10,Time-MoE,0.272951602935791
Sample 11,TimesFM,0.5308641195297241
Sample 11,Chronos,0.4691358506679535
Sample 12,Time-MoE,0.5705182552337646
Sample 12,Moirai,0.42948174476623535
Sample 13,Moirai,0.5040186047554016
Sample 13,Chronos,0.4959813952445984
Sample 14,Chronos,0.5451535582542419
Sample 14,Timer,0.45484641194343567
Sample 15,Moirai,0.6306508779525757
Sample 15,Time-MoE,0.36934906244277954
Sample 0,Moirai,0.995465099811554
Sample 0,Time-MoE,0.004534904379397631
Sample 1,Timer,0.5387893915176392
Sample 1,Chronos,0.4612106382846832
Sample 2,TimesFM,0.5280377268791199
Sample 2,Chronos,0.4719623029232025
Sample 3,Time-MoE,0.5858232975006104
Sample 3,Timer,0.41417673230171204
Sample 4,Moirai,0.6308537721633911
Sample 4,Timer,0.3691462576389313
Sample 5,Chronos,0.642145574092865
Sample 5,TimesFM,0.3578543961048126
Sample 6,TimesFM,0.5906043648719788
Sample 6,Timer,0.40939566493034363
Sample 7,Moirai,0.8516449332237244
Sample 7,Timer,0.14835506677627563
Sample 8,Moirai,0.9998395442962646
Sample 8,Timer,0.0001604030403541401
Sample 9,TimesFM,0.5052248239517212
Sample 9,Chronos,0.4947752356529236
Sample 10,TimesFM,0.7220231294631958
Sample 10,Timer,0.2779769003391266
Sample 11,Timer,0.6103992462158203
Sample 11,Chronos,0.38960081338882446
Sample 12,Moirai,0.9270214438438416
Sample 12,TimesFM,0.07297857850790024
Sample 13,Chronos,0.500649631023407
Sample 13,TimesFM,0.4993503987789154
Sample 14,TimesFM,0.5773356556892395
Sample 14,Chronos,0.4226643443107605
Sample 15,Moirai,0.8678179979324341
Sample 15,Time-MoE,0.1321820169687271
Sample 16,Moirai,0.9850931763648987
Sample 16,Time-MoE,0.014906826429069042
Sample 17,Timer,0.5387038588523865
Sample 17,Chronos,0.4612961709499359
Sample 18,Moirai,0.6880965828895569
Sample 18,Timer,0.3119034171104431
Sample 19,Chronos,0.5060156583786011
Sample 19,TimesFM,0.4939843714237213
Sample 20,Moirai,0.8954454064369202
Sample 20,Timer,0.10455461591482162
Sample 21,TimesFM,0.5863575339317322
Sample 21,Chronos,0.4136424660682678
Sample 22,Time-MoE,0.883763313293457
Sample 22,Chronos,0.11623670160770416
Sample 23,Chronos,0.7511444091796875
Sample 23,Moirai,0.24885554611682892
Sample 24,Moirai,0.9973706007003784
Sample 24,Time-MoE,0.0026294246781617403
Sample 25,Chronos,0.5364953875541687
Sample 25,Timer,0.4635046124458313
Sample 26,Moirai,0.546305775642395
Sample 26,Chronos,0.453694224357605
Sample 27,Moirai,0.5014997720718384
Sample 27,Time-MoE,0.498500257730484
Sample 28,TimesFM,0.7071850299835205
Sample 28,Timer,0.2928149700164795
Sample 29,TimesFM,0.6100588440895081
Sample 29,Chronos,0.38994118571281433
Sample 30,Timer,0.5475668907165527
Sample 30,Chronos,0.45243310928344727
Sample 31,Moirai,0.5384458303451538
Sample 31,Time-MoE,0.4615541696548462
Sample 0,Moirai,0.9813388586044312
Sample 0,Time-MoE,0.018661197274923325
Sample 1,Moirai,0.5368421077728271
Sample 1,Chronos,0.46315789222717285
Sample 2,Time-MoE,0.6281065344810486
Sample 2,TimesFM,0.3718934953212738
Sample 3,Timer,0.5983338356018066
Sample 3,Chronos,0.40166619420051575
Sample 4,Time-MoE,0.5256509184837341
Sample 4,Chronos,0.4743490219116211
Sample 5,Timer,0.6890570521354675
Sample 5,Chronos,0.31094297766685486
Sample 6,Chronos,0.5915693044662476
Sample 6,Time-MoE,0.40843066573143005
Sample 7,Moirai,0.946310818195343
Sample 7,Timer,0.05368915572762489
Sample 8,Moirai,0.9976404905319214
Sample 8,Timer,0.0023595832753926516
Sample 9,TimesFM,0.5935080051422119
Sample 9,Chronos,0.4064919352531433
Sample 10,Chronos,0.539274275302887
Sample 10,Timer,0.46072566509246826
Sample 11,TimesFM,0.5539807677268982
Sample 11,Time-MoE,0.4460192918777466
Sample 12,Timer,0.6752699017524719
Sample 12,Time-MoE,0.3247300982475281
Sample 13,Chronos,0.5912771821022034
Sample 13,TimesFM,0.40872281789779663
Sample 14,Chronos,0.7563002109527588
Sample 14,Time-MoE,0.2436998039484024
Sample 15,Moirai,0.724888801574707
Sample 15,Timer,0.27511122822761536
Sample 16,Moirai,0.9979619979858398
Sample 16,Time-MoE,0.002037974074482918
Sample 17,Chronos,0.5105648636817932
Sample 17,TimesFM,0.4894351363182068
Sample 18,Time-MoE,0.5597766041755676
Sample 18,Chronos,0.44022342562675476
Sample 19,TimesFM,0.6396710872650146
Sample 19,Chronos,0.36032888293266296
Sample 20,Timer,0.5523506999015808
Sample 20,TimesFM,0.4476493000984192
Sample 21,TimesFM,0.5077993869781494
Sample 21,Moirai,0.4922005832195282
Sample 22,Chronos,0.6619536876678467
Sample 22,Timer,0.3380463719367981
Sample 23,Timer,0.5826124548912048
Sample 23,TimesFM,0.41738757491111755
Sample 24,Moirai,0.959627091884613
Sample 24,Timer,0.04037293791770935
Sample 25,Chronos,0.6641172766685486
Sample 25,TimesFM,0.3358827233314514
Sample 26,Timer,0.6256288290023804
Sample 26,Chronos,0.374371200799942
Sample 27,TimesFM,0.6044148802757263
Sample 27,Time-MoE,0.3955851197242737
Sample 28,Moirai,0.6586896777153015
Sample 28,Time-MoE,0.3413103520870209
Sample 29,Chronos,0.5801107883453369
Sample 29,Timer,0.4198892116546631
Sample 30,Chronos,0.6233769655227661
Sample 30,Time-MoE,0.3766230344772339
Sample 31,Moirai,0.7532120943069458
Sample 31,Time-MoE,0.2467879205942154
Sample 0,Moirai,0.9982810020446777
Sample 0,Timer,0.0017190432408824563
Sample 1,Chronos,0.5708760619163513
Sample 1,Moirai,0.4291239082813263
Sample 2,Chronos,0.6502770781517029
Sample 2,Moirai,0.3497229218482971
Sample 3,Chronos,0.6273389458656311
Sample 3,Time-MoE,0.37266111373901367
Sample 4,Moirai,0.9158976078033447
Sample 4,Timer,0.08410244435071945
Sample 5,TimesFM,0.5975868105888367
Sample 5,Time-MoE,0.4024132192134857
Sample 6,Timer,0.7234492897987366
Sample 6,Time-MoE,0.27655068039894104
Sample 7,Moirai,0.7368342876434326
Sample 7,Chronos,0.2631657123565674
Sample 8,Moirai,0.9995972514152527
Sample 8,Time-MoE,0.00040273257764056325
Sample 9,TimesFM,0.5555081963539124
Sample 9,Chronos,0.44449177384376526
Sample 10,Time-MoE,0.7137789130210876
Sample 10,Timer,0.28622114658355713
Sample 11,Chronos,0.5557289719581604
Sample 11,Timer,0.444271057844162
Sample 12,Moirai,0.7919784188270569
Sample 12,Timer,0.20802158117294312
Sample 13,TimesFM,0.622929036617279
Sample 13,Timer,0.37707090377807617
Sample 14,Chronos,0.5794892907142639
Sample 14,TimesFM,0.4205106794834137
Sample 15,Time-MoE,0.8142324090003967
Sample 15,Moirai,0.18576766550540924
Sample 16,Moirai,0.9106963276863098
Sample 16,Timer,0.0893036276102066
Sample 17,Chronos,0.527978777885437
Sample 17,TimesFM,0.4720212519168854
Sample 18,Time-MoE,0.895163357257843
Sample 18,Chronos,0.10483665019273758
Sample 19,Moirai,0.8855100870132446
Sample 19,Timer,0.11448995023965836
Sample 20,Timer,0.628117561340332
Sample 20,Time-MoE,0.3718824088573456
Sample 21,Timer,0.6214072108268738
Sample 21,Chronos,0.378592848777771
Sample 22,Chronos,0.5279896259307861
Sample 22,Time-MoE,0.47201037406921387
Sample 23,Time-MoE,0.5279222726821899
Sample 23,TimesFM,0.47207769751548767
Sample 24,Moirai,0.9795101284980774
Sample 24,Time-MoE,0.020489908754825592
Sample 25,TimesFM,0.5124030113220215
Sample 25,Chronos,0.4875970184803009
Sample 26,Time-MoE,0.7172717452049255
Sample 26,Timer,0.28272828459739685
Sample 27,TimesFM,0.7306855320930481
Sample 27,Chronos,0.2693144977092743
Sample 28,Timer,0.6355425715446472
Sample 28,Time-MoE,0.3644573986530304
Sample 29,TimesFM,0.5093829035758972
Sample 29,Chronos,0.4906170964241028
Sample 30,Timer,0.6079427599906921
Sample 30,Chronos,0.39205729961395264
Sample 31,Time-MoE,0.5045718550682068
Sample 31,Chronos,0.4954281449317932
Sample 0,Moirai,0.9939121007919312
Sample 0,Time-MoE,0.006087900139391422
Sample 1,Moirai,0.5893491506576538
Sample 1,Chronos,0.4106508791446686
Sample 2,Moirai,0.9041814208030701
Sample 2,Chronos,0.09581863135099411
Sample 3,TimesFM,0.6389133930206299
Sample 3,Chronos,0.3610866665840149
Sample 4,Time-MoE,0.5577329993247986
Sample 4,Timer,0.4422670006752014
Sample 5,Moirai,0.8933950662612915
Sample 5,Chronos,0.1066049337387085
Sample 6,Moirai,0.8785523176193237
Sample 6,Time-MoE,0.12144768983125687
Sample 7,Moirai,0.6191649436950684
Sample 7,Chronos,0.38083499670028687
Sample 8,Moirai,0.9999521970748901
Sample 8,Chronos,4.778625225299038e-05
Sample 9,TimesFM,0.542534351348877
Sample 9,Time-MoE,0.45746564865112305
Sample 10,Timer,0.6222798228263855
Sample 10,Chronos,0.3777202367782593
Sample 11,Chronos,0.5668021440505981
Sample 11,TimesFM,0.43319788575172424
Sample 12,Moirai,0.8494042158126831
Sample 12,Timer,0.1505957692861557
Sample 13,Timer,0.5295082926750183
Sample 13,TimesFM,0.4704917073249817
Sample 14,Chronos,0.8062855005264282
Sample 14,Timer,0.19371448457241058
Sample 15,Time-MoE,0.7389289140701294
Sample 15,Moirai,0.26107102632522583
Sample 16,Moirai,0.9991645812988281
Sample 16,Timer,0.000835395825561136
Sample 17,Chronos,0.5310199856758118
Sample 17,Timer,0.46898001432418823
Sample 18,Moirai,0.6172937154769897
Sample 18,Timer,0.38270628452301025
Sample 19,TimesFM,0.7466922998428345
Sample 19,Chronos,0.2533077001571655
Sample 20,Time-MoE,0.8223194479942322
Sample 20,Moirai,0.17768056690692902
Sample 21,Timer,0.5206590294837952
Sample 21,Time-MoE,0.4793410003185272
Sample 22,Moirai,0.7425956130027771
Sample 22,Timer,0.2574043571949005
Sample 23,Moirai,0.9059101343154907
Sample 23,Time-MoE,0.09408987313508987
Sample 24,Moirai,0.9944962859153748
Sample 24,Chronos,0.005503735970705748
Sample 25,Chronos,0.5212507843971252
Sample 25,Time-MoE,0.47874921560287476
Sample 26,Moirai,0.9414569139480591
Sample 26,Chronos,0.05854311212897301
Sample 27,TimesFM,0.573392391204834
Sample 27,Timer,0.426607608795166
Sample 28,Moirai,0.8030532002449036
Sample 28,Chronos,0.19694679975509644
Sample 29,Time-MoE,0.5229427218437195
Sample 29,TimesFM,0.4770572781562805
Sample 30,Timer,0.7002960443496704
Sample 30,Time-MoE,0.29970401525497437
Sample 31,Moirai,0.952198326587677
Sample 31,Time-MoE,0.04780168831348419
Sample 0,Moirai,0.9922418594360352
Sample 0,Time-MoE,0.007758175954222679
Sample 1,Moirai,0.5551103949546814
Sample 1,Chronos,0.4448896050453186
Sample 2,Time-MoE,0.710365355014801
Sample 2,TimesFM,0.289634644985199
Sample 3,TimesFM,0.5752372145652771
Sample 3,Timer,0.4247627854347229
Sample 4,Moirai,0.5628716349601746
Sample 4,Timer,0.43712830543518066
Sample 5,Chronos,0.6728254556655884
Sample 5,Timer,0.327174574136734
Sample 6,Chronos,0.535347044467926
Sample 6,Timer,0.464652955532074
Sample 7,Timer,0.6521744132041931
Sample 7,Moirai,0.3478255569934845
Sample 8,Moirai,0.9988759160041809
Sample 8,Timer,0.001124109490774572
Sample 9,Timer,0.6534873247146606
Sample 9,TimesFM,0.3465126156806946
Sample 10,Moirai,0.5778976678848267
Sample 10,Timer,0.42210230231285095
Sample 11,Moirai,0.5905571579933167
Sample 11,Timer,0.40944281220436096
Sample 12,Time-MoE,0.6184172034263611
Sample 12,Chronos,0.3815828263759613
Sample 13,Moirai,0.5458763837814331
Sample 13,Chronos,0.4541235864162445
Sample 14,Time-MoE,0.8108705878257751
Sample 14,TimesFM,0.18912941217422485
Sample 15,TimesFM,0.8154462575912476
Sample 15,Time-MoE,0.18455374240875244
Sample 16,Moirai,0.9979444146156311
Sample 16,Timer,0.002055637538433075
Sample 17,Timer,0.5667607188224792
Sample 17,Chronos,0.43323928117752075
Sample 18,Moirai,0.501244068145752
Sample 18,Timer,0.49875596165657043
Sample 19,TimesFM,0.7394384145736694
Sample 19,Time-MoE,0.26056158542633057
Sample 20,Moirai,0.635428249835968
Sample 20,Time-MoE,0.364571750164032
Sample 21,Timer,0.5879446864128113
Sample 21,TimesFM,0.4120553433895111
Sample 22,Timer,0.6639006733894348
Sample 22,Time-MoE,0.3360992968082428
Sample 23,Moirai,0.5789741277694702
Sample 23,Timer,0.4210258424282074
Sample 24,Moirai,0.999956488609314
Sample 24,Timer,4.353687836555764e-05
Sample 25,TimesFM,0.582115650177002
Sample 25,Timer,0.41788429021835327
Sample 26,Timer,0.7517750263214111
Sample 26,Chronos,0.24822494387626648
Sample 27,Time-MoE,0.5025728344917297
Sample 27,TimesFM,0.4974271357059479
Sample 28,Moirai,0.7271484136581421
Sample 28,Chronos,0.2728515565395355
Sample 29,Moirai,0.5629497170448303
Sample 29,Time-MoE,0.4370502829551697
Sample 30,TimesFM,0.6039682626724243
Sample 30,Timer,0.3960317075252533
Sample 31,Moirai,0.8571603298187256
Sample 31,Chronos,0.14283965528011322
Sample 0,Moirai,0.9998661279678345
Sample 0,Time-MoE,0.00013381752069108188
Sample 1,TimesFM,0.6229028701782227
Sample 1,Timer,0.37709715962409973
Sample 2,Time-MoE,0.8219801187515259
Sample 2,Moirai,0.1780199259519577
Sample 3,Timer,0.5948952436447144
Sample 3,TimesFM,0.40510478615760803
Sample 4,Time-MoE,0.5078778266906738
Sample 4,Timer,0.49212220311164856
Sample 5,TimesFM,0.7477574944496155
Sample 5,Time-MoE,0.25224247574806213
Sample 6,Timer,0.5565948486328125
Sample 6,Chronos,0.4434051215648651
Sample 7,Moirai,0.927438497543335
Sample 7,Timer,0.07256148010492325
Sample 8,Moirai,0.9971195459365845
Sample 8,Chronos,0.002880426123738289
Sample 9,Chronos,0.5541878342628479
Sample 9,Timer,0.4458121359348297
Sample 10,Moirai,0.5646394491195679
Sample 10,Timer,0.43536052107810974
Sample 11,Moirai,0.5319559574127197
Sample 11,Chronos,0.4680440127849579
Sample 12,Time-MoE,0.6779966354370117
Sample 12,Chronos,0.32200342416763306
Sample 13,TimesFM,0.5735980868339539
Sample 13,Chronos,0.4264019727706909
Sample 14,Chronos,0.5903329849243164
Sample 14,Time-MoE,0.4096669852733612
Sample 15,Moirai,0.7887484431266785
Sample 15,Time-MoE,0.21125149726867676
Sample 16,Moirai,0.9993014335632324
Sample 16,Timer,0.0006985111976973712
Sample 17,TimesFM,0.5332626104354858
Sample 17,Timer,0.46673738956451416
Sample 18,Moirai,0.9013399481773376
Sample 18,Time-MoE,0.09866001456975937
Sample 19,Chronos,0.5313763618469238
Sample 19,Timer,0.4686236083507538
Sample 20,Chronos,0.5092661380767822
Sample 20,TimesFM,0.49073392152786255
Sample 21,TimesFM,0.6059974431991577
Sample 21,Timer,0.3940025866031647
Sample 22,Time-MoE,0.5261687636375427
Sample 22,Timer,0.4738312065601349
Sample 23,Time-MoE,0.5462493300437927
Sample 23,Moirai,0.45375069975852966
Sample 24,Moirai,0.995960533618927
Sample 24,Timer,0.00403947988525033
Sample 25,Chronos,0.571316659450531
Sample 25,Timer,0.4286833703517914
Sample 26,Moirai,0.8608995079994202
Sample 26,Time-MoE,0.13910046219825745
Sample 27,TimesFM,0.5163555145263672
Sample 27,Chronos,0.4836444854736328
Sample 28,TimesFM,0.8482853174209595
Sample 28,Timer,0.15171469748020172
Sample 29,TimesFM,0.5894045829772949
Sample 29,Timer,0.4105954170227051
Sample 30,Moirai,0.8000803589820862
Sample 30,Chronos,0.19991962611675262
Sample 31,Time-MoE,0.8758900761604309
Sample 31,Timer,0.12410993129014969
Sample 0,Moirai,0.9821770191192627
Sample 0,TimesFM,0.017822960391640663
Sample 1,TimesFM,0.6024733185768127
Sample 1,Timer,0.39752671122550964
Sample 2,Time-MoE,0.5828694701194763
Sample 2,TimesFM,0.4171305298805237
Sample 3,Timer,0.5271204710006714
Sample 3,Time-MoE,0.4728794991970062
Sample 4,TimesFM,0.6753393411636353
Sample 4,Timer,0.32466068863868713
Sample 5,Moirai,0.569313108921051
Sample 5,Timer,0.43068692088127136
Sample 6,Timer,0.5178325772285461
Sample 6,Chronos,0.48216739296913147
Sample 7,Moirai,0.8581961393356323
Sample 7,Timer,0.14180390536785126
Sample 8,Moirai,0.9996993541717529
Sample 8,Timer,0.0003006559272762388
Sample 9,Timer,0.6478403806686401
Sample 9,TimesFM,0.35215961933135986
Sample 10,Chronos,0.5205481052398682
Sample 10,Time-MoE,0.4794519245624542
Sample 11,Timer,0.5183351635932922
Sample 11,Chronos,0.48166483640670776
Sample 12,Time-MoE,0.6486230492591858
Sample 12,TimesFM,0.3513769507408142
Sample 13,TimesFM,0.5217223763465881
Sample 13,Timer,0.4782775938510895
Sample 14,Timer,0.5288706421852112
Sample 14,TimesFM,0.47112929821014404
Sample 15,Moirai,0.9450728893280029
Sample 15,Timer,0.05492706596851349
Sample 0,Moirai,0.9995816349983215
Sample 0,Time-MoE,0.000418362527852878
Sample 1,Timer,0.5621170401573181
Sample 1,Chronos,0.4378829598426819
Sample 2,Time-MoE,0.6446554660797119
Sample 2,Timer,0.3553445041179657
Sample 3,Timer,0.6788505911827087
Sample 3,TimesFM,0.3211493492126465
Sample 4,Timer,0.5742763876914978
Sample 4,TimesFM,0.4257236123085022
Sample 5,Timer,0.5164076685905457
Sample 5,TimesFM,0.48359236121177673
Sample 6,Chronos,0.5115411877632141
Sample 6,Timer,0.4884588122367859
Sample 7,Moirai,0.8214308619499207
Sample 7,Timer,0.17856916785240173
Sample 8,Moirai,0.9994910955429077
Sample 8,Timer,0.000508919998537749
Sample 9,Timer,0.5956850051879883
Sample 9,TimesFM,0.40431493520736694
Sample 10,TimesFM,0.6045780181884766
Sample 10,Timer,0.39542195200920105
Sample 11,TimesFM,0.7419500946998596
Sample 11,Timer,0.258049875497818
Sample 12,Moirai,0.9313663244247437
Sample 12,Time-MoE,0.06863366067409515
Sample 13,TimesFM,0.6576361656188965
Sample 13,Timer,0.3423638939857483
Sample 14,TimesFM,0.6500824689865112
Sample 14,Time-MoE,0.34991759061813354
Sample 15,Moirai,0.9266868233680725
Sample 15,Timer,0.0733131617307663
Sample 16,Moirai,0.9901897311210632
Sample 16,Time-MoE,0.00981034617871046
Sample 17,Time-MoE,0.5068458914756775
Sample 17,Timer,0.4931540787220001
Sample 18,Moirai,0.5409420728683472
Sample 18,Timer,0.45905792713165283
Sample 19,Chronos,0.5120688676834106
Sample 19,TimesFM,0.48793110251426697
Sample 20,Moirai,0.8653109073638916
Sample 20,Time-MoE,0.13468903303146362
Sample 21,TimesFM,0.6565569043159485
Sample 21,Chronos,0.3434431254863739
Sample 22,Chronos,0.6416614651679993
Sample 22,Time-MoE,0.35833853483200073
Sample 23,Time-MoE,0.6050419807434082
Sample 23,TimesFM,0.3949579894542694
Sample 24,Moirai,0.9953283071517944
Sample 24,Timer,0.004671758972108364
Sample 25,TimesFM,0.5269778370857239
Sample 25,Timer,0.47302213311195374
Sample 26,Moirai,0.9347838163375854
Sample 26,Timer,0.06521622836589813
Sample 27,Chronos,0.6816641688346863
Sample 27,TimesFM,0.3183358311653137
Sample 28,Time-MoE,0.6336417198181152
Sample 28,Timer,0.36635828018188477
Sample 29,Timer,0.5576996207237244
Sample 29,TimesFM,0.44230037927627563
Sample 30,Time-MoE,0.5655323266983032
Sample 30,Timer,0.4344676434993744
Sample 31,Moirai,0.8922107219696045
Sample 31,Time-MoE,0.1077892929315567
Sample 0,Moirai,0.9979234933853149
Sample 0,Chronos,0.002076520351693034
Sample 1,Chronos,0.524318516254425
Sample 1,Moirai,0.47568148374557495
Sample 2,Time-MoE,0.7900919318199158
Sample 2,TimesFM,0.20990805327892303
Sample 3,TimesFM,0.7386554479598999
Sample 3,Time-MoE,0.2613445222377777
Sample 4,TimesFM,0.9742320775985718
Sample 4,Time-MoE,0.02576785907149315
Sample 5,TimesFM,0.7231546640396118
Sample 5,Chronos,0.2768453359603882
Sample 6,Chronos,0.7320834994316101
Sample 6,Timer,0.2679165303707123
Sample 7,Moirai,0.928305447101593
Sample 7,Time-MoE,0.07169456034898758
Sample 8,Moirai,0.9956021308898926
Sample 8,Timer,0.004397840704768896
Sample 9,Chronos,0.5191425681114197
Sample 9,TimesFM,0.4808574616909027
Sample 10,Time-MoE,0.5122607350349426
Sample 10,Timer,0.487739235162735
Sample 11,Moirai,0.7140390872955322
Sample 11,Chronos,0.28596097230911255
Sample 12,Chronos,0.7831608057022095
Sample 12,Time-MoE,0.21683919429779053
Sample 13,Moirai,0.5102806091308594
Sample 13,Timer,0.489719420671463
Sample 14,TimesFM,0.6100452542304993
Sample 14,Time-MoE,0.38995468616485596
Sample 15,Moirai,0.9247101545333862
Sample 15,Chronos,0.07528980821371078
Sample 16,Moirai,0.9999685287475586
Sample 16,Timer,3.1510473490925506e-05
Sample 17,Moirai,0.5542334914207458
Sample 17,Chronos,0.44576650857925415
Sample 18,Timer,0.5005320310592651
Sample 18,TimesFM,0.4994679391384125
Sample 19,Time-MoE,0.5586108565330505
Sample 19,Moirai,0.4413891136646271
Sample 20,Timer,0.5071595311164856
Sample 20,Time-MoE,0.4928404688835144
Sample 21,TimesFM,0.5035006403923035
Sample 21,Timer,0.49649932980537415
Sample 22,Timer,0.5721187591552734
Sample 22,Time-MoE,0.42788127064704895
Sample 23,Time-MoE,0.5156497955322266
Sample 23,Chronos,0.48435020446777344
Sample 24,Moirai,0.9946416616439819
Sample 24,Timer,0.005358274560421705
Sample 25,TimesFM,0.5126540064811707
Sample 25,Timer,0.48734602332115173
Sample 26,Time-MoE,0.62582927942276
Sample 26,Timer,0.37417072057724
Sample 27,TimesFM,0.7287939786911011
Sample 27,Chronos,0.2712060213088989
Sample 28,TimesFM,0.5290061831474304
Sample 28,Time-MoE,0.4709938168525696
Sample 29,TimesFM,0.6302638053894043
Sample 29,Chronos,0.3697361648082733
Sample 30,Time-MoE,0.5784245729446411
Sample 30,Timer,0.42157548666000366
Sample 31,Moirai,0.947576642036438
Sample 31,Chronos,0.05242333188652992
Sample 0,Moirai,0.9668488502502441
Sample 0,Timer,0.03315107524394989
Sample 1,TimesFM,0.7447946667671204
Sample 1,Moirai,0.255205363035202
Sample 2,Chronos,0.5401628017425537
Sample 2,TimesFM,0.4598371982574463
Sample 3,TimesFM,0.6840709447860718
Sample 3,Timer,0.3159290850162506
Sample 4,Moirai,0.8215513825416565
Sample 4,Chronos,0.1784486025571823
Sample 5,TimesFM,0.5689913034439087
Sample 5,Time-MoE,0.4310086667537689
Sample 6,Time-MoE,0.7107371687889099
Sample 6,TimesFM,0.28926289081573486
Sample 7,Moirai,0.9475141167640686
Sample 7,Chronos,0.05248584598302841
Sample 8,Moirai,0.9943899512290955
Sample 8,Timer,0.005610031075775623
Sample 9,Moirai,0.5203796625137329
Sample 9,Chronos,0.4796203374862671
Sample 10,Chronos,0.854220449924469
Sample 10,TimesFM,0.1457795798778534
Sample 11,Time-MoE,0.5541341304779053
Sample 11,Chronos,0.44586583971977234
Sample 12,Time-MoE,0.6745396852493286
Sample 12,Chronos,0.325460284948349
Sample 13,Chronos,0.6994121074676514
Sample 13,TimesFM,0.30058789253234863
Sample 14,Timer,0.5005201101303101
Sample 14,Time-MoE,0.49947991967201233
Sample 15,Moirai,0.5681979060173035
Sample 15,Chronos,0.4318021237850189
Sample 16,Moirai,0.9004743099212646
Sample 16,Chronos,0.09952564537525177
Sample 17,TimesFM,0.5257498621940613
Sample 17,Chronos,0.4742501378059387
Sample 18,Time-MoE,0.7729877829551697
Sample 18,TimesFM,0.22701218724250793
Sample 19,Moirai,0.9426482319831848
Sample 19,Time-MoE,0.05735170096158981
Sample 20,Chronos,0.6328871846199036
Sample 20,TimesFM,0.36711278557777405
Sample 21,Time-MoE,0.5223559737205505
Sample 21,Timer,0.47764402627944946
Sample 22,Chronos,0.7593414783477783
Sample 22,Time-MoE,0.24065852165222168
Sample 23,Timer,0.6507201790809631
Sample 23,TimesFM,0.3492797911167145
Sample 24,Moirai,0.9960408210754395
Sample 24,Time-MoE,0.003959132358431816
Sample 25,TimesFM,0.5701698660850525
Sample 25,Timer,0.4298301339149475
Sample 26,Moirai,0.544754147529602
Sample 26,Time-MoE,0.45524582266807556
Sample 27,Time-MoE,0.7258622050285339
Sample 27,TimesFM,0.2741377651691437
Sample 28,Chronos,0.5191854238510132
Sample 28,Timer,0.4808145761489868
Sample 29,TimesFM,0.5693068504333496
Sample 29,Chronos,0.4306931793689728
Sample 30,TimesFM,0.5020262002944946
Sample 30,Time-MoE,0.497973769903183
Sample 31,Moirai,0.5795066356658936
Sample 31,Time-MoE,0.42049330472946167
Sample 0,Moirai,0.9637510776519775
Sample 0,Timer,0.036248888820409775
Sample 1,TimesFM,0.523502767086029
Sample 1,Moirai,0.4764972925186157
Sample 2,Moirai,0.5526476502418518
Sample 2,Chronos,0.4473523795604706
Sample 3,Moirai,0.6206473112106323
Sample 3,TimesFM,0.37935274839401245
Sample 4,TimesFM,0.5661605000495911
Sample 4,Timer,0.43383949995040894
Sample 5,Moirai,0.8397257924079895
Sample 5,Chronos,0.16027416288852692
Sample 6,Moirai,0.87746661901474
Sample 6,Timer,0.1225333884358406
Sample 7,Moirai,0.6499277949333191
Sample 7,Time-MoE,0.3500721752643585
Sample 8,Moirai,0.9983622431755066
Sample 8,Time-MoE,0.0016377517022192478
Sample 9,TimesFM,0.6582097411155701
Sample 9,Timer,0.34179022908210754
Sample 10,Time-MoE,0.6636767983436584
Sample 10,TimesFM,0.33632320165634155
Sample 11,TimesFM,0.7883623838424683
Sample 11,Timer,0.21163761615753174
Sample 12,Moirai,0.6612297296524048
Sample 12,Chronos,0.33877021074295044
Sample 13,TimesFM,0.8091619610786438
Sample 13,Timer,0.1908380389213562
Sample 14,TimesFM,0.5828418731689453
Sample 14,Timer,0.4171580672264099
Sample 15,Moirai,0.9113511443138123
Sample 15,Timer,0.08864891529083252
Sample 16,Moirai,0.9970659613609314
Sample 16,Chronos,0.0029340784531086683
Sample 17,Timer,0.7604427337646484
Sample 17,Chronos,0.23955731093883514
Sample 18,Time-MoE,0.5122330188751221
Sample 18,Moirai,0.48776692152023315
Sample 19,TimesFM,0.9125459790229797
Sample 19,Chronos,0.08745407313108444
Sample 20,Moirai,0.6765484809875488
Sample 20,TimesFM,0.32345151901245117
Sample 21,Time-MoE,0.5773898363113403
Sample 21,TimesFM,0.4226101338863373
Sample 22,Time-MoE,0.8066136240959167
Sample 22,Timer,0.19338636100292206
Sample 23,Moirai,0.8894567489624023
Sample 23,Timer,0.11054324358701706
Sample 24,Moirai,0.9949604272842407
Sample 24,Time-MoE,0.005039576906710863
Sample 25,TimesFM,0.7614348530769348
Sample 25,Chronos,0.23856519162654877
Sample 26,Moirai,0.5575867891311646
Sample 26,Time-MoE,0.44241318106651306
Sample 27,TimesFM,0.6491735577583313
Sample 27,Chronos,0.3508264720439911
Sample 28,Moirai,0.649402916431427
Sample 28,Chronos,0.3505970537662506
Sample 29,TimesFM,0.5269269347190857
Sample 29,Time-MoE,0.4730731248855591
Sample 30,Timer,0.6789785623550415
Sample 30,Time-MoE,0.3210214078426361
Sample 31,Moirai,0.9561818242073059
Sample 31,Time-MoE,0.043818190693855286
Sample 0,Moirai,0.9991304278373718
Sample 0,Timer,0.0008696275763213634
Sample 1,TimesFM,0.5746001601219177
Sample 1,Time-MoE,0.42539989948272705
Sample 2,Time-MoE,0.5926520228385925
Sample 2,TimesFM,0.40734800696372986
Sample 3,TimesFM,0.6849133968353271
Sample 3,Moirai,0.3150866627693176
Sample 4,Moirai,0.7058970332145691
Sample 4,Time-MoE,0.29410290718078613
Sample 5,TimesFM,0.6082304120063782
Sample 5,Timer,0.39176955819129944
Sample 6,TimesFM,0.5606449842453003
Sample 6,Timer,0.4393549859523773
Sample 7,Moirai,0.939521849155426
Sample 7,Time-MoE,0.06047821417450905
Sample 8,Moirai,0.9793186187744141
Sample 8,Time-MoE,0.020681364461779594
Sample 9,Timer,0.6571784615516663
Sample 9,TimesFM,0.34282156825065613
Sample 10,Timer,0.6468704342842102
Sample 10,Chronos,0.3531295955181122
Sample 11,Moirai,0.9446071982383728
Sample 11,TimesFM,0.05539276823401451
Sample 12,Time-MoE,0.5815690755844116
Sample 12,Moirai,0.418430894613266
Sample 13,Moirai,0.6270024180412292
Sample 13,TimesFM,0.37299755215644836
Sample 14,Time-MoE,0.5501536130905151
Sample 14,Chronos,0.44984638690948486
Sample 15,TimesFM,0.5837206840515137
Sample 15,Chronos,0.4162793457508087
Sample 16,Moirai,0.9953644275665283
Sample 16,Timer,0.0046355645172297955
Sample 17,Time-MoE,0.6282755136489868
Sample 17,Timer,0.3717244267463684
Sample 18,TimesFM,0.5745373368263245
Sample 18,Moirai,0.42546263337135315
Sample 19,TimesFM,0.8988214731216431
Sample 19,Chronos,0.10117857158184052
Sample 20,Time-MoE,0.562586784362793
Sample 20,TimesFM,0.43741315603256226
Sample 21,Chronos,0.5677741765975952
Sample 21,Timer,0.4322258532047272
Sample 22,Timer,0.5648555159568787
Sample 22,Time-MoE,0.43514445424079895
Sample 23,Moirai,0.7832985520362854
Sample 23,Chronos,0.2167014628648758
Sample 24,Moirai,0.9994841814041138
Sample 24,Time-MoE,0.0005158170242793858
Sample 25,TimesFM,0.5498847365379333
Sample 25,Chronos,0.45011523365974426
Sample 26,TimesFM,0.5746365189552307
Sample 26,Time-MoE,0.4253634512424469
Sample 27,TimesFM,0.6464202404022217
Sample 27,Time-MoE,0.35357972979545593
Sample 28,Moirai,0.8196282982826233
Sample 28,Chronos,0.18037167191505432
Sample 29,TimesFM,0.6367501616477966
Sample 29,Time-MoE,0.363249808549881
Sample 30,Chronos,0.5296814441680908
Sample 30,Timer,0.47031861543655396
Sample 31,Moirai,0.6432712078094482
Sample 31,Timer,0.35672876238822937
Sample 0,Moirai,0.9993748068809509
Sample 0,Time-MoE,0.0006251967861317098
Sample 1,TimesFM,0.9158499836921692
Sample 1,Timer,0.08415000885725021
Sample 2,Moirai,0.6936310529708862
Sample 2,Timer,0.30636897683143616
Sample 3,TimesFM,0.787880539894104
Sample 3,Chronos,0.21211953461170197
Sample 4,Moirai,0.7339534163475037
Sample 4,Timer,0.2660466134548187
Sample 5,TimesFM,0.571779727935791
Sample 5,Timer,0.428220272064209
Sample 6,Timer,0.5125317573547363
Sample 6,Time-MoE,0.48746824264526367
Sample 7,Timer,0.5719076991081238
Sample 7,Chronos,0.4280923306941986
Sample 8,Moirai,0.9992764592170715
Sample 8,Timer,0.0007235034718178213
Sample 9,TimesFM,0.632102906703949
Sample 9,Moirai,0.367897093296051
Sample 10,Timer,0.5841891765594482
Sample 10,Moirai,0.41581085324287415
Sample 11,Moirai,0.6696596145629883
Sample 11,TimesFM,0.33034032583236694
Sample 12,Chronos,0.6609727740287781
Sample 12,TimesFM,0.33902719616889954
Sample 13,Time-MoE,0.5719031691551208
Sample 13,Chronos,0.4280968904495239
Sample 14,Time-MoE,0.7029698491096497
Sample 14,Timer,0.2970302104949951
Sample 15,Timer,0.7360392808914185
Sample 15,Moirai,0.26396068930625916
Sample 16,Moirai,0.9950782060623169
Sample 16,Timer,0.004921732936054468
Sample 17,Chronos,0.5381349921226501
Sample 17,TimesFM,0.46186500787734985
Sample 18,Moirai,0.8223794102668762
Sample 18,Chronos,0.17762060463428497
Sample 19,TimesFM,0.61555415391922
Sample 19,Chronos,0.38444581627845764
Sample 20,Timer,0.5130508542060852
Sample 20,TimesFM,0.4869491159915924
Sample 21,TimesFM,0.561252236366272
Sample 21,Timer,0.4387477934360504
Sample 22,Time-MoE,0.5559028387069702
Sample 22,Timer,0.4440971314907074
Sample 23,Moirai,0.9311159253120422
Sample 23,Timer,0.06888407468795776
Sample 24,Moirai,0.9973741769790649
Sample 24,Time-MoE,0.002625810680910945
Sample 25,Chronos,0.6276453137397766
Sample 25,Timer,0.3723546266555786
Sample 26,Timer,0.5875404477119446
Sample 26,Chronos,0.4124595522880554
Sample 27,TimesFM,0.5526384115219116
Sample 27,Time-MoE,0.447361558675766
Sample 28,TimesFM,0.5005245208740234
Sample 28,Chronos,0.49947550892829895
Sample 29,Time-MoE,0.5028898119926453
Sample 29,TimesFM,0.49711018800735474
Sample 30,TimesFM,0.6830589771270752
Sample 30,Moirai,0.3169410824775696
Sample 31,Chronos,0.5312758088111877
Sample 31,TimesFM,0.46872419118881226
Sample 0,Moirai,0.9772511124610901
Sample 0,Timer,0.02274896763265133
Sample 1,TimesFM,0.5925790071487427
Sample 1,Time-MoE,0.4074210226535797
Sample 2,Time-MoE,0.6592850685119629
Sample 2,TimesFM,0.3407149314880371
Sample 3,TimesFM,0.527301013469696
Sample 3,Chronos,0.47269895672798157
Sample 4,TimesFM,0.5901085734367371
Sample 4,Time-MoE,0.40989142656326294
Sample 5,TimesFM,0.7628358006477356
Sample 5,Moirai,0.23716413974761963
Sample 6,TimesFM,0.6455551981925964
Sample 6,Timer,0.3544447422027588
Sample 7,Time-MoE,0.5022234320640564
Sample 7,Moirai,0.497776597738266
Sample 8,Moirai,0.9996604919433594
Sample 8,Timer,0.00033947566407732666
Sample 9,TimesFM,0.5342280864715576
Sample 9,Timer,0.4657719135284424
Sample 10,Timer,0.5262503623962402
Sample 10,Time-MoE,0.473749577999115
Sample 11,TimesFM,0.7605843544006348
Sample 11,Timer,0.23941569030284882
Sample 12,Time-MoE,0.6712011694908142
Sample 12,TimesFM,0.3287988007068634
Sample 13,Timer,0.5233181118965149
Sample 13,TimesFM,0.4766818583011627
Sample 14,TimesFM,0.5970590710639954
Sample 14,Chronos,0.40294089913368225
Sample 15,Moirai,0.7145273089408875
Sample 15,Time-MoE,0.28547272086143494
Sample 0,Moirai,0.9997683167457581
Sample 0,Timer,0.0002316877362318337
Sample 1,Timer,0.7588175535202026
Sample 1,TimesFM,0.24118247628211975
Sample 2,Chronos,0.7439956665039062
Sample 2,Time-MoE,0.25600433349609375
Sample 3,Chronos,0.5243873596191406
Sample 3,Timer,0.47561267018318176
Sample 4,Timer,0.6122267842292786
Sample 4,TimesFM,0.3877732455730438
Sample 5,TimesFM,0.6966315507888794
Sample 5,Time-MoE,0.3033684194087982
Sample 6,Chronos,0.5916698575019836
Sample 6,TimesFM,0.40833014249801636
Sample 7,Moirai,0.972265899181366
Sample 7,Time-MoE,0.027734162285923958
Sample 8,Moirai,0.9998716115951538
Sample 8,Time-MoE,0.00012839412374887615
Sample 9,TimesFM,0.818922758102417
Sample 9,Time-MoE,0.1810772567987442
Sample 10,TimesFM,0.5714616775512695
Sample 10,Moirai,0.4285382926464081
Sample 11,TimesFM,0.6274957656860352
Sample 11,Timer,0.37250420451164246
Sample 12,Moirai,0.8553508520126343
Sample 12,Timer,0.1446491926908493
Sample 13,TimesFM,0.6138051152229309
Sample 13,Time-MoE,0.3861948847770691
Sample 14,Timer,0.5037803053855896
Sample 14,Time-MoE,0.496219664812088
Sample 15,Moirai,0.9277310371398926
Sample 15,Time-MoE,0.07226891815662384
Sample 16,Moirai,0.996780514717102
Sample 16,Time-MoE,0.003219408681616187
Sample 17,Chronos,0.5851168036460876
Sample 17,Timer,0.41488322615623474
Sample 18,Moirai,0.7088296413421631
Sample 18,Time-MoE,0.2911703586578369
Sample 19,TimesFM,0.5863683819770813
Sample 19,Timer,0.4136316180229187
Sample 20,Moirai,0.8696275353431702
Sample 20,Chronos,0.13037241995334625
Sample 21,TimesFM,0.6163473129272461
Sample 21,Timer,0.38365262746810913
Sample 22,Chronos,0.7888160347938538
Sample 22,Timer,0.21118398010730743
Sample 23,Timer,0.551428496837616
Sample 23,Time-MoE,0.44857150316238403
Sample 24,Moirai,0.9980117082595825
Sample 24,Timer,0.0019882142078131437
Sample 25,Chronos,0.5749417543411255
Sample 25,TimesFM,0.4250583052635193
Sample 26,Moirai,0.6351323127746582
Sample 26,Timer,0.3648677170276642
Sample 27,Moirai,0.8524426221847534
Sample 27,Time-MoE,0.14755740761756897
Sample 28,Time-MoE,0.8134145140647888
Sample 28,Chronos,0.18658553063869476
Sample 29,Chronos,0.5412601828575134
Sample 29,Timer,0.45873987674713135
Sample 30,Timer,0.7606717944145203
Sample 30,TimesFM,0.23932814598083496
Sample 31,Moirai,0.8788747191429138
Sample 31,Timer,0.12112521380186081
Sample 0,Moirai,0.9987941980361938
Sample 0,Chronos,0.00120578205678612
Sample 1,TimesFM,0.5010048151016235
Sample 1,Moirai,0.4989951550960541
Sample 2,Time-MoE,0.516714334487915
Sample 2,Chronos,0.4832856357097626
Sample 3,TimesFM,0.7781320214271545
Sample 3,Chronos,0.22186799347400665
Sample 4,Time-MoE,0.7328159213066101
Sample 4,Chronos,0.26718413829803467
Sample 5,Chronos,0.555351734161377
Sample 5,Timer,0.44464823603630066
Sample 6,Timer,0.5707460641860962
Sample 6,TimesFM,0.4292539358139038
Sample 7,Moirai,0.8633647561073303
Sample 7,Time-MoE,0.13663528859615326
Sample 8,Moirai,0.9980954527854919
Sample 8,Timer,0.001904510660097003
Sample 9,TimesFM,0.5635800361633301
Sample 9,Moirai,0.43641993403434753
Sample 10,Timer,0.6128209233283997
Sample 10,TimesFM,0.38717901706695557
Sample 11,Time-MoE,0.6460961699485779
Sample 11,Moirai,0.35390380024909973
Sample 12,Time-MoE,0.5298284292221069
Sample 12,TimesFM,0.47017163038253784
Sample 13,Moirai,0.6674256920814514
Sample 13,Chronos,0.3325743079185486
Sample 14,Time-MoE,0.5129290223121643
Sample 14,Chronos,0.4870710074901581
Sample 15,Moirai,0.7862573266029358
Sample 15,Time-MoE,0.2137426882982254
Sample 16,Moirai,0.9997711777687073
Sample 16,Timer,0.00022882476332597435
Sample 17,Timer,0.5039952397346497
Sample 17,Chronos,0.49600473046302795
Sample 18,Chronos,0.8336107134819031
Sample 18,TimesFM,0.16638924181461334
Sample 19,Chronos,0.6305792331695557
Sample 19,Moirai,0.36942073702812195
Sample 20,Chronos,0.5428091883659363
Sample 20,Timer,0.4571908116340637
Sample 21,Moirai,0.6412258744239807
Sample 21,Timer,0.3587741553783417
Sample 22,Time-MoE,0.5755335092544556
Sample 22,Timer,0.42446649074554443
Sample 23,Time-MoE,0.7442359328269958
Sample 23,TimesFM,0.2557640075683594
Sample 24,Moirai,0.9774002432823181
Sample 24,Timer,0.02259979583323002
Sample 25,TimesFM,0.8744058609008789
Sample 25,Chronos,0.12559418380260468
Sample 26,Time-MoE,0.6604760885238647
Sample 26,Timer,0.33952394127845764
Sample 27,TimesFM,0.7609401345252991
Sample 27,Chronos,0.23905985057353973
Sample 28,TimesFM,0.7130520939826965
Sample 28,Time-MoE,0.28694793581962585
Sample 29,Timer,0.5710515379905701
Sample 29,TimesFM,0.4289484918117523
Sample 30,Timer,0.5555155277252197
Sample 30,Time-MoE,0.4444844126701355
Sample 31,Moirai,0.9173257350921631
Sample 31,Chronos,0.08267425000667572
Sample 0,Moirai,0.998630166053772
Sample 0,Timer,0.0013698674738407135
Sample 1,TimesFM,0.5289053320884705
Sample 1,Chronos,0.47109466791152954
Sample 2,TimesFM,0.582108736038208
Sample 2,Chronos,0.41789132356643677
Sample 3,Chronos,0.6456138491630554
Sample 3,TimesFM,0.3543861210346222
Sample 4,Moirai,0.9353767037391663
Sample 4,Timer,0.06462333351373672
Sample 5,TimesFM,0.5396251678466797
Sample 5,Time-MoE,0.4603748023509979
Sample 6,Chronos,0.5177271962165833
Sample 6,Time-MoE,0.48227280378341675
Sample 7,Moirai,0.911995530128479
Sample 7,Timer,0.08800448477268219
Sample 8,Moirai,0.9828187823295593
Sample 8,Timer,0.017181167379021645
Sample 9,TimesFM,0.602089524269104
Sample 9,Chronos,0.397910475730896
Sample 10,Time-MoE,0.6703128218650818
Sample 10,Chronos,0.3296872079372406
Sample 11,TimesFM,0.6724112629890442
Sample 11,Time-MoE,0.3275887668132782
Sample 12,Time-MoE,0.6489264965057373
Sample 12,Moirai,0.3510734736919403
Sample 13,Chronos,0.6445175409317017
Sample 13,TimesFM,0.35548245906829834
Sample 14,Chronos,0.551788866519928
Sample 14,Timer,0.44821107387542725
Sample 15,Moirai,0.6411309242248535
Sample 15,Time-MoE,0.3588690459728241
Sample 16,Moirai,0.9677896499633789
Sample 16,Time-MoE,0.0322103276848793
Sample 17,Timer,0.5091950297355652
Sample 17,TimesFM,0.4908049702644348
Sample 18,Time-MoE,0.9579799771308899
Sample 18,TimesFM,0.04202001169323921
Sample 19,Moirai,0.9021320343017578
Sample 19,Chronos,0.0978679433465004
Sample 20,Chronos,0.7380554676055908
Sample 20,Time-MoE,0.2619445323944092
Sample 21,TimesFM,0.7251756191253662
Sample 21,Chronos,0.27482444047927856
Sample 22,Time-MoE,0.5748802423477173
Sample 22,Chronos,0.4251197576522827
Sample 23,Timer,0.8636277318000793
Sample 23,Chronos,0.13637223839759827
Sample 24,Moirai,0.9568191766738892
Sample 24,Time-MoE,0.04318086430430412
Sample 25,TimesFM,0.5579441785812378
Sample 25,Timer,0.4420558512210846
Sample 26,Moirai,0.509574294090271
Sample 26,Time-MoE,0.4904256761074066
Sample 27,TimesFM,0.8391320109367371
Sample 27,Chronos,0.16086803376674652
Sample 28,Time-MoE,0.5711967349052429
Sample 28,Moirai,0.4288032054901123
Sample 29,TimesFM,0.6443859338760376
Sample 29,Chronos,0.3556141257286072
Sample 30,TimesFM,0.7896907329559326
Sample 30,Timer,0.21030931174755096
Sample 31,Moirai,0.5085112452507019
Sample 31,Time-MoE,0.4914887249469757
Sample 0,Moirai,0.9562140703201294
Sample 0,Timer,0.04378589242696762
Sample 1,Timer,0.5977752804756165
Sample 1,Moirai,0.40222474932670593
Sample 2,Time-MoE,0.5243753790855408
Sample 2,Moirai,0.47562459111213684
Sample 3,Moirai,0.6016659140586853
Sample 3,Chronos,0.3983340561389923
Sample 4,TimesFM,0.5389510989189148
Sample 4,Chronos,0.4610489308834076
Sample 5,Moirai,0.9189825654029846
Sample 5,Timer,0.08101744204759598
Sample 6,Time-MoE,0.6221716403961182
Sample 6,Moirai,0.3778283894062042
Sample 7,Moirai,0.7554754018783569
Sample 7,Timer,0.24452459812164307
Sample 8,Moirai,0.9966288208961487
Sample 8,Time-MoE,0.0033711865544319153
Sample 9,Chronos,0.5206524133682251
Sample 9,Timer,0.4793476164340973
Sample 10,Chronos,0.542791485786438
Sample 10,Time-MoE,0.4572084844112396
Sample 11,TimesFM,0.5558730363845825
Sample 11,Chronos,0.44412699341773987
Sample 12,Moirai,0.8240043520927429
Sample 12,Timer,0.1759956181049347
Sample 13,TimesFM,0.755942165851593
Sample 13,Timer,0.2440577894449234
Sample 14,Chronos,0.7169485688209534
Sample 14,Timer,0.283051460981369
Sample 15,Moirai,0.8107438683509827
Sample 15,Time-MoE,0.18925611674785614
Sample 16,Moirai,0.9991814494132996
Sample 16,Timer,0.000818510539829731
Sample 17,Timer,0.8822326064109802
Sample 17,Chronos,0.11776743829250336
Sample 18,Time-MoE,0.6632311344146729
Sample 18,Moirai,0.33676883578300476
Sample 19,TimesFM,0.7232814431190491
Sample 19,Timer,0.2767186164855957
Sample 20,Chronos,0.5596222877502441
Sample 20,Time-MoE,0.44037774205207825
Sample 21,Chronos,0.560062825679779
Sample 21,Timer,0.43993714451789856
Sample 22,Timer,0.585817813873291
Sample 22,Time-MoE,0.41418221592903137
Sample 23,Moirai,0.617806613445282
Sample 23,Timer,0.3821934163570404
Sample 24,Moirai,0.9931747317314148
Sample 24,Timer,0.006825305987149477
Sample 25,TimesFM,0.5604696869850159
Sample 25,Timer,0.43953028321266174
Sample 26,Moirai,0.785969614982605
Sample 26,Time-MoE,0.21403035521507263
Sample 27,Chronos,0.5114614367485046
Sample 27,TimesFM,0.488538533449173
Sample 28,Moirai,0.8535865545272827
Sample 28,Time-MoE,0.14641351997852325
Sample 29,TimesFM,0.7384841442108154
Sample 29,Chronos,0.26151585578918457
Sample 30,TimesFM,0.5153161287307739
Sample 30,Timer,0.4846838116645813
Sample 31,Moirai,0.9651018977165222
Sample 31,Time-MoE,0.0348980613052845
Sample 0,Moirai,0.999755322933197
Sample 0,Timer,0.0002447302686050534
Sample 1,TimesFM,0.5459715127944946
Sample 1,Chronos,0.45402851700782776
Sample 2,Time-MoE,0.5393015742301941
Sample 2,Chronos,0.4606984257698059
Sample 3,Chronos,0.5520612001419067
Sample 3,Timer,0.44793879985809326
Sample 4,Moirai,0.6699241399765015
Sample 4,Time-MoE,0.33007586002349854
Sample 5,Chronos,0.657929539680481
Sample 5,TimesFM,0.3420705199241638
Sample 6,Timer,0.6658378839492798
Sample 6,Chronos,0.3341621458530426
Sample 7,Moirai,0.8604122400283813
Sample 7,Time-MoE,0.13958775997161865
Sample 8,Moirai,0.9988774657249451
Sample 8,Timer,0.0011225278722122312
Sample 9,Chronos,0.5455163717269897
Sample 9,Timer,0.45448359847068787
Sample 10,Time-MoE,0.812500536441803
Sample 10,Moirai,0.18749943375587463
Sample 11,Moirai,0.879234254360199
Sample 11,Timer,0.12076574563980103
Sample 12,Time-MoE,0.5517502427101135
Sample 12,Moirai,0.4482497572898865
Sample 13,Chronos,0.509046196937561
Sample 13,TimesFM,0.49095380306243896
Sample 14,Chronos,0.5469727516174316
Sample 14,Timer,0.45302721858024597
Sample 15,TimesFM,0.6708709597587585
Sample 15,Timer,0.32912901043891907
Sample 16,Moirai,0.9969204664230347
Sample 16,Timer,0.003079530317336321
Sample 17,Timer,0.5870519876480103
Sample 17,Chronos,0.41294804215431213
Sample 18,Timer,0.8180248141288757
Sample 18,Chronos,0.18197517096996307
Sample 19,TimesFM,0.646715521812439
Sample 19,Chronos,0.3532845079898834
Sample 20,Chronos,0.5165224671363831
Sample 20,TimesFM,0.48347753286361694
Sample 21,TimesFM,0.5762437582015991
Sample 21,Chronos,0.4237562417984009
Sample 22,Timer,0.5110095143318176
Sample 22,Chronos,0.4889904856681824
Sample 23,Moirai,0.7000707387924194
Sample 23,Time-MoE,0.29992926120758057
Sample 24,Moirai,0.9999755620956421
Sample 24,Timer,2.4464916350552812e-05
Sample 25,Timer,0.5474109649658203
Sample 25,Chronos,0.4525890052318573
Sample 26,Timer,0.7473772168159485
Sample 26,Chronos,0.2526228129863739
Sample 27,TimesFM,0.6945751905441284
Sample 27,Chronos,0.3054247796535492
Sample 28,Moirai,0.9047330617904663
Sample 28,Chronos,0.09526695311069489
Sample 29,Chronos,0.5393022298812866
Sample 29,TimesFM,0.460697740316391
Sample 30,Timer,0.5190266966819763
Sample 30,Chronos,0.4809733033180237
Sample 31,Moirai,0.9848707318305969
Sample 31,Time-MoE,0.015129308216273785
Sample 0,Moirai,0.9988892674446106
Sample 0,Timer,0.0011107224272564054
Sample 1,Timer,0.5870987176895142
Sample 1,TimesFM,0.41290128231048584
Sample 2,Timer,0.5108609795570374
Sample 2,Chronos,0.48913905024528503
Sample 3,Timer,0.520260751247406
Sample 3,TimesFM,0.4797392785549164
Sample 4,Time-MoE,0.7102358341217041
Sample 4,Chronos,0.2897641956806183
Sample 5,Timer,0.5690464377403259
Sample 5,Chronos,0.43095359206199646
Sample 6,Timer,0.7276906371116638
Sample 6,Time-MoE,0.27230939269065857
Sample 7,Moirai,0.8527693748474121
Sample 7,Time-MoE,0.14723064005374908
Sample 8,Moirai,0.9986335635185242
Sample 8,Timer,0.0013663682620972395
Sample 9,Chronos,0.6236875057220459
Sample 9,TimesFM,0.3763124942779541
Sample 10,Timer,0.7473487854003906
Sample 10,Time-MoE,0.25265124440193176
Sample 11,Chronos,0.6382964253425598
Sample 11,Moirai,0.3617035150527954
Sample 12,Chronos,0.5078059434890747
Sample 12,TimesFM,0.4921940565109253
Sample 13,Chronos,0.6893199682235718
Sample 13,Time-MoE,0.31067997217178345
Sample 14,Timer,0.5057053565979004
Sample 14,Chronos,0.494294673204422
Sample 15,Moirai,0.7899729013442993
Sample 15,Time-MoE,0.21002709865570068
Sample 16,Moirai,0.9987439513206482
Sample 16,Timer,0.0012560292379930615
Sample 17,TimesFM,0.6428689956665039
Sample 17,Chronos,0.3571310043334961
Sample 18,Moirai,0.8673804402351379
Sample 18,Chronos,0.13261957466602325
Sample 19,Chronos,0.6530329585075378
Sample 19,Timer,0.34696707129478455
Sample 20,TimesFM,0.6655927896499634
Sample 20,Timer,0.3344072699546814
Sample 21,Timer,0.5271539092063904
Sample 21,Moirai,0.4728460907936096
Sample 22,Timer,0.5600643754005432
Sample 22,Chronos,0.4399356245994568
Sample 23,Time-MoE,0.5882887244224548
Sample 23,Chronos,0.41171130537986755
Sample 24,Moirai,0.9976696372032166
Sample 24,Chronos,0.0023303639609366655
Sample 25,Timer,0.7425127029418945
Sample 25,Chronos,0.25748729705810547
Sample 26,Time-MoE,0.7361805438995361
Sample 26,Moirai,0.26381948590278625
Sample 27,Chronos,0.743791937828064
Sample 27,TimesFM,0.2562080919742584
Sample 28,Time-MoE,0.5085157752037048
Sample 28,TimesFM,0.49148422479629517
Sample 29,TimesFM,0.545907199382782
Sample 29,Timer,0.454092800617218
Sample 30,TimesFM,0.6239721775054932
Sample 30,Moirai,0.3760278522968292
Sample 31,Time-MoE,0.5330126881599426
Sample 31,Timer,0.466987282037735
Sample 0,Moirai,0.9658920168876648
Sample 0,Chronos,0.03410793095827103
Sample 1,Chronos,0.5117250084877014
Sample 1,TimesFM,0.4882749915122986
Sample 2,Time-MoE,0.7204192876815796
Sample 2,Timer,0.2795807123184204
Sample 3,TimesFM,0.8848660588264465
Sample 3,Chronos,0.11513389647006989
Sample 4,Chronos,0.5368505716323853
Sample 4,Time-MoE,0.46314942836761475
Sample 5,TimesFM,0.5636661648750305
Sample 5,Timer,0.4363338351249695
Sample 6,Timer,0.5605560541152954
Sample 6,Chronos,0.4394439458847046
Sample 7,Moirai,0.7086673974990845
Sample 7,Chronos,0.2913326323032379
Sample 8,Moirai,0.9995415210723877
Sample 8,Timer,0.0004584863781929016
Sample 9,Timer,0.5909603834152222
Sample 9,TimesFM,0.40903958678245544
Sample 10,Timer,0.6706945896148682
Sample 10,TimesFM,0.32930538058280945
Sample 11,Moirai,0.5468164682388306
Sample 11,TimesFM,0.45318353176116943
Sample 12,Time-MoE,0.6762334108352661
Sample 12,Timer,0.3237665891647339
Sample 13,Timer,0.510280966758728
Sample 13,Moirai,0.48971906304359436
Sample 14,Chronos,0.57578045129776
Sample 14,Timer,0.42421954870224
Sample 15,Moirai,0.6954709887504578
Sample 15,Timer,0.304529070854187
Sample 0,Moirai,0.999876856803894
Sample 0,Time-MoE,0.00012311602768022567
Sample 1,Timer,0.518294632434845
Sample 1,Chronos,0.48170533776283264
Sample 2,Time-MoE,0.5287043452262878
Sample 2,Chronos,0.47129565477371216
Sample 3,TimesFM,0.7404853701591492
Sample 3,Timer,0.25951460003852844
Sample 4,Time-MoE,0.6222785711288452
Sample 4,Chronos,0.3777214586734772
Sample 5,Chronos,0.516802966594696
Sample 5,Timer,0.48319703340530396
Sample 6,Timer,0.5125522613525391
Sample 6,Chronos,0.48744770884513855
Sample 7,Moirai,0.9913022518157959
Sample 7,Chronos,0.00869777426123619
Sample 8,Moirai,0.9950879216194153
Sample 8,Time-MoE,0.004912142176181078
Sample 9,Chronos,0.5955100059509277
Sample 9,TimesFM,0.40448999404907227
Sample 10,Timer,0.6153666973114014
Sample 10,Chronos,0.38463330268859863
Sample 11,Chronos,0.5787540078163147
Sample 11,Timer,0.4212459623813629
Sample 12,Moirai,0.7282035946846008
Sample 12,Time-MoE,0.27179643511772156
Sample 13,Chronos,0.7584854364395142
Sample 13,Timer,0.24151453375816345
Sample 14,Chronos,0.6942492723464966
Sample 14,Time-MoE,0.30575066804885864
Sample 15,Moirai,0.6777357459068298
Sample 15,Time-MoE,0.3222641944885254
Sample 16,Moirai,0.9941083192825317
Sample 16,Time-MoE,0.005891657434403896
Sample 17,Chronos,0.6797255873680115
Sample 17,Moirai,0.3202744126319885
Sample 18,Timer,0.5964007377624512
Sample 18,Time-MoE,0.40359923243522644
Sample 19,Timer,0.5632714629173279
Sample 19,Chronos,0.43672850728034973
Sample 20,Moirai,0.5120709538459778
Sample 20,Chronos,0.48792901635169983
Sample 21,TimesFM,0.5586488246917725
Sample 21,Chronos,0.44135117530822754
Sample 22,Chronos,0.5117510557174683
Sample 22,Timer,0.4882489740848541
Sample 23,Chronos,0.8607894778251648
Sample 23,Moirai,0.139210507273674
Sample 24,Moirai,0.9950894713401794
Sample 24,Timer,0.004910585470497608
Sample 25,Chronos,0.6029582023620605
Sample 25,Timer,0.39704182744026184
Sample 26,Moirai,0.6997012495994568
Sample 26,Timer,0.30029869079589844
Sample 27,Moirai,0.6385512351989746
Sample 27,Chronos,0.3614487648010254
Sample 28,Time-MoE,0.8613460063934326
Sample 28,TimesFM,0.13865402340888977
Sample 29,Moirai,0.5691119432449341
Sample 29,Timer,0.43088799715042114
Sample 30,TimesFM,0.8637248277664185
Sample 30,Timer,0.13627517223358154
Sample 31,Moirai,0.8118662238121033
Sample 31,Time-MoE,0.18813380599021912
Sample 0,Moirai,0.9944679737091064
Sample 0,Chronos,0.005532037001103163
Sample 1,TimesFM,0.5045135021209717
Sample 1,Chronos,0.49548643827438354
Sample 2,Time-MoE,0.7732741832733154
Sample 2,Timer,0.22672578692436218
Sample 3,Timer,0.5444088578224182
Sample 3,Moirai,0.4555911123752594
Sample 4,Time-MoE,0.5252277255058289
Sample 4,Chronos,0.47477227449417114
Sample 5,Chronos,0.5553832054138184
Sample 5,Timer,0.44461682438850403
Sample 6,Chronos,0.7303676605224609
Sample 6,Timer,0.26963233947753906
Sample 7,Moirai,0.661984920501709
Sample 7,Time-MoE,0.3380151093006134
Sample 8,Moirai,0.9977526068687439
Sample 8,Time-MoE,0.0022474550642073154
Sample 9,TimesFM,0.5844153761863708
Sample 9,Moirai,0.4155846834182739
Sample 10,Timer,0.5110297799110413
Sample 10,Moirai,0.48897024989128113
Sample 11,Moirai,0.6283951997756958
Sample 11,Timer,0.3716048300266266
Sample 12,Timer,0.6908553242683411
Sample 12,Time-MoE,0.30914467573165894
Sample 13,TimesFM,0.5367175340652466
Sample 13,Chronos,0.4632825255393982
Sample 14,Chronos,0.8504747748374939
Sample 14,Time-MoE,0.1495252251625061
Sample 15,Moirai,0.8435425162315369
Sample 15,Time-MoE,0.15645749866962433
Sample 16,Moirai,0.9989821314811707
Sample 16,Time-MoE,0.0010178613010793924
Sample 17,Timer,0.5852872729301453
Sample 17,Chronos,0.41471269726753235
Sample 18,TimesFM,0.6694040894508362
Sample 18,Timer,0.3305959403514862
Sample 19,Timer,0.5109997987747192
Sample 19,Moirai,0.48900020122528076
Sample 20,Moirai,0.633600115776062
Sample 20,Chronos,0.3663998544216156
Sample 21,Moirai,0.588410496711731
Sample 21,TimesFM,0.4115895628929138
Sample 22,Chronos,0.6623153686523438
Sample 22,Timer,0.33768466114997864
Sample 23,Time-MoE,0.5605073571205139
Sample 23,Timer,0.4394926428794861
Sample 24,Moirai,0.9904373288154602
Sample 24,Timer,0.009562645107507706
Sample 25,TimesFM,0.5143713355064392
Sample 25,Chronos,0.4856286644935608
Sample 26,TimesFM,0.5393722057342529
Sample 26,Timer,0.46062782406806946
Sample 27,Timer,0.5283718109130859
Sample 27,TimesFM,0.47162818908691406
Sample 28,Time-MoE,0.7615853548049927
Sample 28,TimesFM,0.23841464519500732
Sample 29,Chronos,0.5048983693122864
Sample 29,Timer,0.49510160088539124
Sample 30,Time-MoE,0.5684750080108643
Sample 30,Timer,0.4315250515937805
Sample 31,Moirai,0.900875449180603
Sample 31,Time-MoE,0.09912458062171936
Sample 0,Moirai,0.8303534984588623
Sample 0,Timer,0.1696464717388153
Sample 1,TimesFM,0.5990879535675049
Sample 1,Timer,0.4009120762348175
Sample 2,Time-MoE,0.5531383752822876
Sample 2,Moirai,0.4468616247177124
Sample 3,TimesFM,0.7416067719459534
Sample 3,Chronos,0.258393257856369
Sample 4,Moirai,0.9606638550758362
Sample 4,Time-MoE,0.03933616727590561
Sample 5,Timer,0.5781877636909485
Sample 5,TimesFM,0.4218122661113739
Sample 6,Chronos,0.6478642225265503
Sample 6,Timer,0.3521357774734497
Sample 7,Moirai,0.7062691450119019
Sample 7,Time-MoE,0.29373088479042053
Sample 8,Moirai,0.9623414278030396
Sample 8,Time-MoE,0.03765854984521866
Sample 9,TimesFM,0.7419500350952148
Sample 9,Chronos,0.25804993510246277
Sample 10,Moirai,0.6565847396850586
Sample 10,Chronos,0.3434152603149414
Sample 11,Chronos,0.6773958802223206
Sample 11,TimesFM,0.32260414958000183
Sample 12,Timer,0.7404982447624207
Sample 12,Time-MoE,0.25950169563293457
Sample 13,Chronos,0.6500083208084106
Sample 13,Timer,0.34999164938926697
Sample 14,Chronos,0.5982905030250549
Sample 14,Timer,0.40170955657958984
Sample 15,Moirai,0.5823304653167725
Sample 15,Timer,0.4176695644855499
Sample 16,Moirai,0.9413670301437378
Sample 16,TimesFM,0.05863293632864952
Sample 17,Chronos,0.6353182792663574
Sample 17,Time-MoE,0.36468175053596497
Sample 18,Time-MoE,0.5291761755943298
Sample 18,TimesFM,0.47082382440567017
Sample 19,Moirai,0.8479217886924744
Sample 19,Chronos,0.15207825601100922
Sample 20,Chronos,0.5176210403442383
Sample 20,Time-MoE,0.4823789596557617
Sample 21,TimesFM,0.7613129615783691
Sample 21,Chronos,0.23868709802627563
Sample 22,TimesFM,0.5523256659507751
Sample 22,Chronos,0.44767433404922485
Sample 23,Time-MoE,0.6667259335517883
Sample 23,Timer,0.33327412605285645
Sample 24,Moirai,0.9925861954689026
Sample 24,Timer,0.007413835264742374
Sample 25,Timer,0.5242977738380432
Sample 25,Chronos,0.4757022261619568
Sample 26,Moirai,0.6107996106147766
Sample 26,Time-MoE,0.3892004191875458
Sample 27,TimesFM,0.8158338665962219
Sample 27,Timer,0.1841660887002945
Sample 28,Chronos,0.5343631505966187
Sample 28,Time-MoE,0.46563681960105896
Sample 29,Chronos,0.5978257060050964
Sample 29,TimesFM,0.40217432379722595
Sample 30,Chronos,0.6198187470436096
Sample 30,TimesFM,0.380181223154068
Sample 31,Moirai,0.7113463282585144
Sample 31,Time-MoE,0.2886536419391632
Sample 0,Moirai,0.9992018342018127
Sample 0,Chronos,0.0007981360540725291
Sample 1,Chronos,0.5369637608528137
Sample 1,Moirai,0.46303626894950867
Sample 2,Moirai,0.6120709776878357
Sample 2,Chronos,0.3879290223121643
Sample 3,TimesFM,0.5899108052253723
Sample 3,Moirai,0.4100892245769501
Sample 4,Chronos,0.5375140905380249
Sample 4,Timer,0.4624859094619751
Sample 5,Moirai,0.8814048767089844
Sample 5,Chronos,0.11859509348869324
Sample 6,Moirai,0.6781762838363647
Sample 6,Timer,0.32182368636131287
Sample 7,Timer,0.5260354280471802
Sample 7,Moirai,0.47396454215049744
Sample 8,Moirai,0.9999289512634277
Sample 8,Time-MoE,7.110262231435627e-05
Sample 9,Chronos,0.5391424298286438
Sample 9,Moirai,0.4608575403690338
Sample 10,Timer,0.6815515756607056
Sample 10,TimesFM,0.31844842433929443
Sample 11,TimesFM,0.68441241979599
Sample 11,Timer,0.31558758020401
Sample 12,Moirai,0.8537607192993164
Sample 12,Time-MoE,0.1462392508983612
Sample 13,TimesFM,0.5334798693656921
Sample 13,Chronos,0.46652016043663025
Sample 14,Chronos,0.5666986703872681
Sample 14,TimesFM,0.4333013594150543
Sample 15,Moirai,0.8922442197799683
Sample 15,Timer,0.10775578022003174
Sample 16,Moirai,0.9997689127922058
Sample 16,Timer,0.00023108192544896156
Sample 17,TimesFM,0.5778869390487671
Sample 17,Chronos,0.4221130907535553
Sample 18,Timer,0.7621610164642334
Sample 18,Chronos,0.2378389537334442
Sample 19,TimesFM,0.8561341762542725
Sample 19,Timer,0.14386588335037231
Sample 20,Time-MoE,0.7860335111618042
Sample 20,Chronos,0.2139665186405182
Sample 21,Chronos,0.7853773832321167
Sample 21,Timer,0.2146226167678833
Sample 22,Timer,0.5556520819664001
Sample 22,Time-MoE,0.44434797763824463
Sample 23,Time-MoE,0.9223805069923401
Sample 23,Chronos,0.07761954516172409
Sample 24,Moirai,0.9981808662414551
Sample 24,Time-MoE,0.0018192147836089134
Sample 25,Chronos,0.5082693099975586
Sample 25,Timer,0.4917306900024414
Sample 26,Moirai,0.5726723074913025
Sample 26,Time-MoE,0.4273276627063751
Sample 27,TimesFM,0.8268411159515381
Sample 27,Chronos,0.1731589287519455
Sample 28,Moirai,0.7101644277572632
Sample 28,Time-MoE,0.28983554244041443
Sample 29,TimesFM,0.5311956405639648
Sample 29,Chronos,0.46880435943603516
Sample 30,TimesFM,0.5498470664024353
Sample 30,Timer,0.4501529037952423
Sample 31,Moirai,0.801245927810669
Sample 31,Time-MoE,0.19875411689281464
Sample 0,Moirai,0.9998618364334106
Sample 0,Time-MoE,0.00013813297846354544
Sample 1,TimesFM,0.5402680039405823
Sample 1,Chronos,0.4597320556640625
Sample 2,Timer,0.6148988008499146
Sample 2,TimesFM,0.38510116934776306
Sample 3,Chronos,0.6448835730552673
Sample 3,Timer,0.35511648654937744
Sample 4,Chronos,0.6269237399101257
Sample 4,Moirai,0.3730762302875519
Sample 5,TimesFM,0.5053221583366394
Sample 5,Chronos,0.4946778416633606
Sample 6,Moirai,0.5834469795227051
Sample 6,Chronos,0.41655299067497253
Sample 7,Moirai,0.5521522760391235
Sample 7,Timer,0.4478476941585541
Sample 8,Moirai,0.9982004165649414
Sample 8,Timer,0.001799579942598939
Sample 9,Chronos,0.7563827037811279
Sample 9,TimesFM,0.24361728131771088
Sample 10,Moirai,0.5742433071136475
Sample 10,TimesFM,0.42575666308403015
Sample 11,Moirai,0.9673647880554199
Sample 11,Chronos,0.03263523802161217
Sample 12,Time-MoE,0.5502371788024902
Sample 12,Chronos,0.44976285099983215
Sample 13,Chronos,0.5930881500244141
Sample 13,Moirai,0.4069118797779083
Sample 14,Chronos,0.5932531952857971
Sample 14,Time-MoE,0.4067468047142029
Sample 15,TimesFM,0.6061933636665344
Sample 15,Time-MoE,0.3938066065311432
Sample 16,Moirai,0.9860418438911438
Sample 16,Timer,0.013958138413727283
Sample 17,TimesFM,0.5530695915222168
Sample 17,Chronos,0.4469303488731384
Sample 18,Timer,0.7510804533958435
Sample 18,Time-MoE,0.2489195466041565
Sample 19,TimesFM,0.9197778701782227
Sample 19,Chronos,0.08022207766771317
Sample 20,Time-MoE,0.6241954565048218
Sample 20,TimesFM,0.37580448389053345
Sample 21,TimesFM,0.5816704034805298
Sample 21,Timer,0.4183295965194702
Sample 22,Timer,0.5172312259674072
Sample 22,Chronos,0.4827687442302704
Sample 23,Moirai,0.7251161932945251
Sample 23,Chronos,0.27488377690315247
Sample 24,Moirai,0.9998530149459839
Sample 24,Time-MoE,0.00014699436724185944
Sample 25,TimesFM,0.6076845526695251
Sample 25,Timer,0.3923153877258301
Sample 26,Timer,0.5233815312385559
Sample 26,Time-MoE,0.4766184985637665
Sample 27,Chronos,0.5043012499809265
Sample 27,TimesFM,0.4956987500190735
Sample 28,Moirai,0.8933289647102356
Sample 28,Timer,0.1066710501909256
Sample 29,Chronos,0.5830995440483093
Sample 29,Timer,0.4169004559516907
Sample 30,Timer,0.5035361051559448
Sample 30,TimesFM,0.49646395444869995
Sample 31,Moirai,0.9050479531288147
Sample 31,Timer,0.09495201706886292
Sample 0,Moirai,0.9969720840454102
Sample 0,Chronos,0.003027924569323659
Sample 1,Timer,0.5121709704399109
Sample 1,TimesFM,0.4878290295600891
Sample 2,Moirai,0.5344446301460266
Sample 2,Timer,0.4655553698539734
Sample 3,TimesFM,0.7494303584098816
Sample 3,Timer,0.250569611787796
Sample 4,Timer,0.6500523090362549
Sample 4,Time-MoE,0.34994763135910034
Sample 5,Chronos,0.6016952395439148
Sample 5,Timer,0.3983047306537628
Sample 6,Moirai,0.5756582021713257
Sample 6,Timer,0.42434176802635193
Sample 7,Moirai,0.713782012462616
Sample 7,Timer,0.28621798753738403
Sample 8,Moirai,0.9999110698699951
Sample 8,Time-MoE,8.89454604475759e-05
Sample 9,TimesFM,0.5113206505775452
Sample 9,Chronos,0.4886793792247772
Sample 10,Moirai,0.872345507144928
Sample 10,Timer,0.12765447795391083
Sample 11,TimesFM,0.6464508771896362
Sample 11,Timer,0.35354915261268616
Sample 12,TimesFM,0.56038498878479
Sample 12,Moirai,0.43961504101753235
Sample 13,TimesFM,0.8818103671073914
Sample 13,Time-MoE,0.11818967014551163
Sample 14,Chronos,0.5079149007797241
Sample 14,Timer,0.4920850694179535
Sample 15,Moirai,0.7977052927017212
Sample 15,Timer,0.2022947520017624
Sample 16,Moirai,0.9957864880561829
Sample 16,Chronos,0.0042135631665587425
Sample 17,TimesFM,0.5765645503997803
Sample 17,Moirai,0.42343541979789734
Sample 18,Moirai,0.9372559785842896
Sample 18,Timer,0.06274395436048508
Sample 19,TimesFM,0.5412285327911377
Sample 19,Timer,0.4587715268135071
Sample 20,TimesFM,0.7345510721206665
Sample 20,Timer,0.2654489278793335
Sample 21,TimesFM,0.5609403848648071
Sample 21,Moirai,0.4390595853328705
Sample 22,Chronos,0.7910385727882385
Sample 22,TimesFM,0.20896144211292267
Sample 23,Moirai,0.6210264563560486
Sample 23,Time-MoE,0.3789735734462738
Sample 24,Moirai,0.9979811310768127
Sample 24,Timer,0.0020189350470900536
Sample 25,TimesFM,0.5373656153678894
Sample 25,Timer,0.462634414434433
Sample 26,Timer,0.6720117330551147
Sample 26,Moirai,0.32798829674720764
Sample 27,TimesFM,0.5740390419960022
Sample 27,Timer,0.4259609580039978
Sample 28,TimesFM,0.762037992477417
Sample 28,Timer,0.2379620224237442
Sample 29,Timer,0.6327341198921204
Sample 29,Chronos,0.36726588010787964
Sample 30,Time-MoE,0.9277727007865906
Sample 30,TimesFM,0.07222731411457062
Sample 31,Time-MoE,0.6920672059059143
Sample 31,TimesFM,0.3079328238964081
Sample 0,Moirai,0.9757708311080933
Sample 0,TimesFM,0.02422918938100338
Sample 1,Chronos,0.5122251510620117
Sample 1,Timer,0.4877748489379883
Sample 2,Timer,0.5605677962303162
Sample 2,TimesFM,0.4394322335720062
Sample 3,TimesFM,0.5969241261482239
Sample 3,Chronos,0.40307584404945374
Sample 4,TimesFM,0.730549693107605
Sample 4,Time-MoE,0.26945027709007263
Sample 5,Timer,0.5884367227554321
Sample 5,TimesFM,0.41156330704689026
Sample 6,Chronos,0.6681339144706726
Sample 6,Timer,0.3318660855293274
Sample 7,Time-MoE,0.6602585911750793
Sample 7,Timer,0.33974140882492065
Sample 8,Moirai,0.9999315738677979
Sample 8,Time-MoE,6.844179006293416e-05
Sample 9,TimesFM,0.754922091960907
Sample 9,Chronos,0.2450779527425766
Sample 10,Time-MoE,0.5097635984420776
Sample 10,Chronos,0.4902363419532776
Sample 11,TimesFM,0.6532601714134216
Sample 11,Chronos,0.34673982858657837
Sample 12,Time-MoE,0.6610173583030701
Sample 12,Moirai,0.33898261189460754
Sample 13,Timer,0.6353184580802917
Sample 13,TimesFM,0.36468151211738586
Sample 14,TimesFM,0.5713256597518921
Sample 14,Timer,0.4286743700504303
Sample 15,Moirai,0.9267128109931946
Sample 15,Timer,0.07328720390796661
Sample 0,Moirai,0.9999266862869263
Sample 0,Timer,7.327496132347733e-05
Sample 1,Chronos,0.5603324174880981
Sample 1,Timer,0.43966761231422424
Sample 2,TimesFM,0.741704523563385
Sample 2,Time-MoE,0.2582954168319702
Sample 3,Chronos,0.5126151442527771
Sample 3,TimesFM,0.4873848557472229
Sample 4,Time-MoE,0.5968918204307556
Sample 4,Chronos,0.4031082093715668
Sample 5,Chronos,0.5396137833595276
Sample 5,TimesFM,0.46038618683815
Sample 6,Timer,0.5047014355659485
Sample 6,TimesFM,0.4952985644340515
Sample 7,Moirai,0.6003071665763855
Sample 7,Timer,0.3996928930282593
Sample 8,Moirai,0.9993957281112671
Sample 8,Time-MoE,0.0006043026805855334
Sample 9,TimesFM,0.5697352886199951
Sample 9,Chronos,0.43026474118232727
Sample 10,Timer,0.7634643316268921
Sample 10,TimesFM,0.2365356832742691
Sample 11,Chronos,0.5182878375053406
Sample 11,TimesFM,0.4817121922969818
Sample 12,Timer,0.574693500995636
Sample 12,Time-MoE,0.4253065288066864
Sample 13,TimesFM,0.5309914946556091
Sample 13,Timer,0.46900850534439087
Sample 14,Chronos,0.646294891834259
Sample 14,Timer,0.3537050485610962
Sample 15,Moirai,0.7512361407279968
Sample 15,Chronos,0.24876387417316437
Sample 16,Moirai,0.9885824918746948
Sample 16,Time-MoE,0.0114175109192729
Sample 17,Moirai,0.7127817869186401
Sample 17,TimesFM,0.2872181534767151
Sample 18,Timer,0.5183728337287903
Sample 18,Time-MoE,0.4816271960735321
Sample 19,Chronos,0.629848837852478
Sample 19,TimesFM,0.37015119194984436
Sample 20,Moirai,0.6673835515975952
Sample 20,Time-MoE,0.3326164186000824
Sample 21,Chronos,0.607092022895813
Sample 21,Timer,0.392907977104187
Sample 22,Time-MoE,0.5982773900032043
Sample 22,Timer,0.40172260999679565
Sample 23,Timer,0.7679204344749451
Sample 23,Time-MoE,0.23207956552505493
Sample 24,Moirai,0.9889475107192993
Sample 24,Time-MoE,0.011052446439862251
Sample 25,Chronos,0.5851945281028748
Sample 25,Timer,0.41480550169944763
Sample 26,Moirai,0.9379973411560059
Sample 26,Timer,0.06200266256928444
Sample 27,Moirai,0.8607746362686157
Sample 27,Chronos,0.1392253339290619
Sample 28,TimesFM,0.5228851437568665
Sample 28,Time-MoE,0.47711485624313354
Sample 29,TimesFM,0.6564319133758545
Sample 29,Chronos,0.3435681164264679
Sample 30,Chronos,0.5816253423690796
Sample 30,Timer,0.41837459802627563
Sample 31,Time-MoE,0.5339522361755371
Sample 31,Moirai,0.4660477638244629
Sample 0,Moirai,0.9979743361473083
Sample 0,Chronos,0.0020256766583770514
Sample 1,Moirai,0.6291794776916504
Sample 1,Chronos,0.3708205223083496
Sample 2,Time-MoE,0.5127314925193787
Sample 2,Chronos,0.48726850748062134
Sample 3,TimesFM,0.5130581855773926
Sample 3,Chronos,0.4869418442249298
Sample 4,Timer,0.5253130197525024
Sample 4,Chronos,0.47468701004981995
Sample 5,Chronos,0.576941967010498
Sample 5,Timer,0.42305806279182434
Sample 6,Timer,0.7086564898490906
Sample 6,Time-MoE,0.29134348034858704
Sample 7,Moirai,0.9337993264198303
Sample 7,Time-MoE,0.06620065867900848
Sample 8,Moirai,0.9748075604438782
Sample 8,Time-MoE,0.025192493572831154
Sample 9,TimesFM,0.6806733012199402
Sample 9,Timer,0.3193267285823822
Sample 10,Timer,0.6433875560760498
Sample 10,Chronos,0.3566124439239502
Sample 11,Time-MoE,0.7800297141075134
Sample 11,Moirai,0.21997028589248657
Sample 12,Chronos,0.6337688565254211
Sample 12,TimesFM,0.3662310838699341
Sample 13,TimesFM,0.6885424852371216
Sample 13,Moirai,0.3114575147628784
Sample 14,TimesFM,0.5235113501548767
Sample 14,Chronos,0.4764886498451233
Sample 15,Moirai,0.6849396228790283
Sample 15,Time-MoE,0.3150603771209717
Sample 16,Moirai,0.9993847608566284
Sample 16,Time-MoE,0.0006152654532343149
Sample 17,Moirai,0.5117142200469971
Sample 17,Timer,0.4882858097553253
Sample 18,Chronos,0.8282429575920105
Sample 18,Timer,0.1717570424079895
Sample 19,TimesFM,0.631233274936676
Sample 19,Moirai,0.36876675486564636
Sample 20,Chronos,0.5379762649536133
Sample 20,Timer,0.4620237350463867
Sample 21,TimesFM,0.5409796237945557
Sample 21,Timer,0.45902037620544434
Sample 22,Chronos,0.5264779329299927
Sample 22,Timer,0.4735220670700073
Sample 23,Time-MoE,0.5973552465438843
Sample 23,Chronos,0.4026447534561157
Sample 24,Moirai,0.9253988265991211
Sample 24,Timer,0.07460121065378189
Sample 25,TimesFM,0.7274719476699829
Sample 25,Timer,0.2725280225276947
Sample 26,Timer,0.6012437343597412
Sample 26,TimesFM,0.3987562358379364
Sample 27,TimesFM,0.6037686467170715
Sample 27,Timer,0.39623141288757324
Sample 28,Timer,0.8233623504638672
Sample 28,Moirai,0.17663763463497162
Sample 29,TimesFM,0.7925653457641602
Sample 29,Chronos,0.2074347287416458
Sample 30,Timer,0.5368401408195496
Sample 30,Chronos,0.46315982937812805
Sample 31,Moirai,0.7778134942054749
Sample 31,Time-MoE,0.22218652069568634
Sample 0,Moirai,0.9949356317520142
Sample 0,Timer,0.005064306315034628
Sample 1,Moirai,0.697867751121521
Sample 1,TimesFM,0.30213218927383423
Sample 2,Timer,0.6322987079620361
Sample 2,Chronos,0.36770132184028625
Sample 3,Chronos,0.681462287902832
Sample 3,Timer,0.3185376822948456
Sample 4,Moirai,0.7206397652626038
Sample 4,Timer,0.27936023473739624
Sample 5,Chronos,0.5316974520683289
Sample 5,Timer,0.46830257773399353
Sample 6,TimesFM,0.7443832755088806
Sample 6,Chronos,0.255616694688797
Sample 7,Moirai,0.7521652579307556
Sample 7,Timer,0.2478347271680832
Sample 8,Moirai,0.9818128347396851
Sample 8,Time-MoE,0.018187129870057106
Sample 9,TimesFM,0.5576567053794861
Sample 9,Timer,0.44234326481819153
Sample 10,TimesFM,0.5740232467651367
Sample 10,Chronos,0.4259767532348633
Sample 11,TimesFM,0.7987630367279053
Sample 11,Chronos,0.20123691856861115
Sample 12,Time-MoE,0.6581240296363831
Sample 12,Chronos,0.34187594056129456
Sample 13,TimesFM,0.6257517337799072
Sample 13,Chronos,0.3742482662200928
Sample 14,Time-MoE,0.5632838010787964
Sample 14,Timer,0.4367161691188812
Sample 15,Moirai,0.7271447777748108
Sample 15,Timer,0.2728552222251892
Sample 16,Moirai,0.898629367351532
Sample 16,Chronos,0.10137069225311279
Sample 17,TimesFM,0.5215476751327515
Sample 17,Chronos,0.47845232486724854
Sample 18,Time-MoE,0.8338034749031067
Sample 18,Timer,0.16619651019573212
Sample 19,Moirai,0.8397831320762634
Sample 19,Chronos,0.16021686792373657
Sample 20,Time-MoE,0.5080099105834961
Sample 20,Chronos,0.4919901192188263
Sample 21,Timer,0.5264880061149597
Sample 21,TimesFM,0.4735119640827179
Sample 22,Timer,0.5837624669075012
Sample 22,Time-MoE,0.41623759269714355
Sample 23,Chronos,0.5750445127487183
Sample 23,TimesFM,0.42495545744895935
Sample 24,Moirai,0.9786645770072937
Sample 24,Timer,0.021335413679480553
Sample 25,Chronos,0.5692713856697083
Sample 25,Moirai,0.43072864413261414
Sample 26,Chronos,0.5713450312614441
Sample 26,Time-MoE,0.4286549985408783
Sample 27,TimesFM,0.8113815784454346
Sample 27,Timer,0.18861839175224304
Sample 28,Timer,0.7317510843276978
Sample 28,Chronos,0.26824891567230225
Sample 29,TimesFM,0.566389799118042
Sample 29,Chronos,0.4336102306842804
Sample 30,Timer,0.6509443521499634
Sample 30,Chronos,0.34905558824539185
Sample 31,Moirai,0.605029284954071
Sample 31,Time-MoE,0.3949706554412842
Sample 0,Moirai,0.9782917499542236
Sample 0,Timer,0.021708272397518158
Sample 1,Chronos,0.551943838596344
Sample 1,Moirai,0.4480561316013336
Sample 2,Moirai,0.8898395299911499
Sample 2,Chronos,0.11016041785478592
Sample 3,Moirai,0.7190421223640442
Sample 3,Chronos,0.2809578776359558
Sample 4,Timer,0.6962418556213379
Sample 4,Chronos,0.3037581741809845
Sample 5,Moirai,0.9124119877815247
Sample 5,TimesFM,0.08758803457021713
Sample 6,Timer,0.7696709036827087
Sample 6,Time-MoE,0.23032908141613007
Sample 7,Moirai,0.5552489757537842
Sample 7,Timer,0.44475099444389343
Sample 8,Moirai,0.9994669556617737
Sample 8,Timer,0.0005330382846295834
Sample 9,TimesFM,0.5056071877479553
Sample 9,Chronos,0.4943928122520447
Sample 10,Time-MoE,0.5005882382392883
Sample 10,TimesFM,0.49941179156303406
Sample 11,TimesFM,0.7532678842544556
Sample 11,Chronos,0.24673210084438324
Sample 12,Moirai,0.6142151355743408
Sample 12,Chronos,0.38578489422798157
Sample 13,Chronos,0.5707060694694519
Sample 13,TimesFM,0.4292939007282257
Sample 14,Timer,0.5505549907684326
Sample 14,Chronos,0.4494450092315674
Sample 15,Moirai,0.816547155380249
Sample 15,Timer,0.183452770113945
Sample 16,Moirai,0.9995798468589783
Sample 16,Timer,0.0004201105621177703
Sample 17,TimesFM,0.5736916661262512
Sample 17,Timer,0.42630836367607117
Sample 18,Moirai,0.622992753982544
Sample 18,Time-MoE,0.37700724601745605
Sample 19,TimesFM,0.9283409118652344
Sample 19,Timer,0.0716591477394104
Sample 20,Time-MoE,0.627366304397583
Sample 20,Timer,0.3726336658000946
Sample 21,TimesFM,0.5555282235145569
Sample 21,Timer,0.4444718360900879
Sample 22,Moirai,0.6555293202400208
Sample 22,Time-MoE,0.34447067975997925
Sample 23,Chronos,0.7570167183876038
Sample 23,Moirai,0.24298334121704102
Sample 24,Moirai,0.9995947480201721
Sample 24,Timer,0.00040527351666241884
Sample 25,TimesFM,0.6004670858383179
Sample 25,Timer,0.3995329439640045
Sample 26,Time-MoE,0.78897625207901
Sample 26,Chronos,0.2110237181186676
Sample 27,TimesFM,0.7597494125366211
Sample 27,Chronos,0.2402505874633789
Sample 28,Moirai,0.7092316746711731
Sample 28,Time-MoE,0.29076826572418213
Sample 29,TimesFM,0.636053204536438
Sample 29,Time-MoE,0.3639468252658844
Sample 30,Timer,0.7138025760650635
Sample 30,Chronos,0.2861974537372589
Sample 31,Moirai,0.7568315863609314
Sample 31,Chronos,0.243168443441391
Sample 0,Moirai,0.9997288584709167
Sample 0,Time-MoE,0.0002711184206418693
Sample 1,TimesFM,0.575797438621521
Sample 1,Timer,0.424202561378479
Sample 2,Chronos,0.5720646381378174
Sample 2,Time-MoE,0.4279354214668274
Sample 3,TimesFM,0.7262929081916809
Sample 3,Chronos,0.2737071216106415
Sample 4,Moirai,0.6347087621688843
Sample 4,Timer,0.36529120802879333
Sample 5,TimesFM,0.708696722984314
Sample 5,Chronos,0.29130324721336365
Sample 6,Chronos,0.6826580166816711
Sample 6,Timer,0.31734204292297363
Sample 7,Moirai,0.8688781261444092
Sample 7,Time-MoE,0.13112187385559082
Sample 8,Moirai,0.99894779920578
Sample 8,Time-MoE,0.0010522011434659362
Sample 9,Timer,0.5848719477653503
Sample 9,Chronos,0.41512805223464966
Sample 10,Moirai,0.5417501926422119
Sample 10,Chronos,0.4582498073577881
Sample 11,Moirai,0.860160231590271
Sample 11,Timer,0.13983969390392303
Sample 12,Time-MoE,0.6972739100456238
Sample 12,Moirai,0.30272606015205383
Sample 13,TimesFM,0.6982104182243347
Sample 13,Moirai,0.3017895519733429
Sample 14,Chronos,0.6583462953567505
Sample 14,Timer,0.3416537344455719
Sample 15,TimesFM,0.7249665260314941
Sample 15,Time-MoE,0.27503344416618347
Sample 16,Moirai,0.9920921921730042
Sample 16,Chronos,0.007907766848802567
Sample 17,TimesFM,0.697449803352356
Sample 17,Chronos,0.30255019664764404
Sample 18,Timer,0.6908698081970215
Sample 18,Time-MoE,0.3091302216053009
Sample 19,TimesFM,0.7871466875076294
Sample 19,Timer,0.212853342294693
Sample 20,Time-MoE,0.5140643119812012
Sample 20,Moirai,0.48593568801879883
Sample 21,TimesFM,0.7248690724372864
Sample 21,Timer,0.27513089776039124
Sample 22,Chronos,0.5241750478744507
Sample 22,Timer,0.4758249521255493
Sample 23,Time-MoE,0.5467645525932312
Sample 23,Moirai,0.4532354772090912
Sample 24,Moirai,0.9990501999855042
Sample 24,Timer,0.0009498133440501988
Sample 25,TimesFM,0.7063621282577515
Sample 25,Timer,0.2936379015445709
Sample 26,Timer,0.831593930721283
Sample 26,Moirai,0.16840608417987823
Sample 27,TimesFM,0.786291241645813
Sample 27,Chronos,0.2137087881565094
Sample 28,Moirai,0.7113701105117798
Sample 28,Timer,0.2886298894882202
Sample 29,Time-MoE,0.6894271969795227
Sample 29,Chronos,0.3105728328227997
Sample 30,Chronos,0.5730603933334351
Sample 30,Timer,0.4269396662712097
Sample 31,Moirai,0.8140828609466553
Sample 31,Timer,0.18591712415218353
Sample 0,Moirai,0.9998947381973267
Sample 0,Timer,0.00010520570504013449
Sample 1,TimesFM,0.7059096097946167
Sample 1,Timer,0.2940903902053833
Sample 2,Time-MoE,0.8353664875030518
Sample 2,Timer,0.16463355720043182
Sample 3,Time-MoE,0.537479817867279
Sample 3,Timer,0.46252018213272095
Sample 4,Moirai,0.5871800184249878
Sample 4,Time-MoE,0.4128199517726898
Sample 5,TimesFM,0.6211241483688354
Sample 5,Chronos,0.3788759112358093
Sample 6,Chronos,0.5024909377098083
Sample 6,Timer,0.49750903248786926
Sample 7,Moirai,0.8285778760910034
Sample 7,Chronos,0.1714220643043518
Sample 8,Moirai,0.999555766582489
Sample 8,Time-MoE,0.0004442437784746289
Sample 9,TimesFM,0.5465657711029053
Sample 9,Timer,0.4534342288970947
Sample 10,Moirai,0.5879520177841187
Sample 10,Timer,0.41204801201820374
Sample 11,Moirai,0.642626166343689
Sample 11,Chronos,0.3573738634586334
Sample 12,Time-MoE,0.635962724685669
Sample 12,Chronos,0.36403727531433105
Sample 13,TimesFM,0.6288305521011353
Sample 13,Chronos,0.37116947770118713
Sample 14,Time-MoE,0.5737546682357788
Sample 14,Chronos,0.4262453317642212
Sample 15,Time-MoE,0.7905535697937012
Sample 15,Chronos,0.20944644510746002
Sample 16,Moirai,0.9992387294769287
Sample 16,Timer,0.0007612576009705663
Sample 17,TimesFM,0.5868628621101379
Sample 17,Moirai,0.41313719749450684
Sample 18,Time-MoE,0.6627631783485413
Sample 18,Chronos,0.33723682165145874
Sample 19,Chronos,0.6507404446601868
Sample 19,Moirai,0.3492595851421356
Sample 20,TimesFM,0.5282589197158813
Sample 20,Chronos,0.47174108028411865
Sample 21,TimesFM,0.5669355988502502
Sample 21,Chronos,0.43306446075439453
Sample 22,Chronos,0.7500445246696472
Sample 22,Timer,0.24995552003383636
Sample 23,Moirai,0.9602904915809631
Sample 23,Chronos,0.03970952704548836
Sample 24,Moirai,0.9979198575019836
Sample 24,TimesFM,0.002080199308693409
Sample 25,Chronos,0.5101465582847595
Sample 25,Moirai,0.4898534119129181
Sample 26,Timer,0.5762649178504944
Sample 26,Time-MoE,0.42373502254486084
Sample 27,TimesFM,0.6872954964637756
Sample 27,Chronos,0.312704473733902
Sample 28,Time-MoE,0.8491922616958618
Sample 28,Chronos,0.15080778300762177
Sample 29,Chronos,0.5140621066093445
Sample 29,Timer,0.4859378933906555
Sample 30,Time-MoE,0.776846706867218
Sample 30,Timer,0.22315329313278198
Sample 31,Time-MoE,0.6160836815834045
Sample 31,TimesFM,0.3839162588119507
Sample 0,Moirai,0.9801807999610901
Sample 0,Chronos,0.01981920562684536
Sample 1,TimesFM,0.673537015914917
Sample 1,Chronos,0.326462984085083
Sample 2,Time-MoE,0.6300778985023499
Sample 2,Chronos,0.36992213129997253
Sample 3,TimesFM,0.8900553584098816
Sample 3,Chronos,0.10994464159011841
Sample 4,Time-MoE,0.5272006392478943
Sample 4,TimesFM,0.4727993905544281
Sample 5,Timer,0.533691942691803
Sample 5,TimesFM,0.466308057308197
Sample 6,Chronos,0.6672190427780151
Sample 6,Timer,0.33278095722198486
Sample 7,Moirai,0.524875819683075
Sample 7,Time-MoE,0.47512418031692505
Sample 8,Moirai,0.9995777010917664
Sample 8,Chronos,0.00042235691216774285
Sample 9,Chronos,0.5283310413360596
Sample 9,Timer,0.47166895866394043
Sample 10,Timer,0.6956888437271118
Sample 10,Time-MoE,0.3043110966682434
Sample 11,TimesFM,0.790095329284668
Sample 11,Chronos,0.20990462601184845
Sample 12,Time-MoE,0.7603538036346436
Sample 12,Timer,0.23964621126651764
Sample 13,Chronos,0.5828326940536499
Sample 13,Timer,0.4171673059463501
Sample 14,TimesFM,0.6182133555412292
Sample 14,Chronos,0.38178664445877075
Sample 15,Moirai,0.5917258262634277
Sample 15,Time-MoE,0.4082741439342499
Sample 0,Moirai,0.9999525547027588
Sample 0,Timer,4.741417433251627e-05
Sample 1,Timer,0.6280350685119629
Sample 1,Chronos,0.3719649612903595
Sample 2,Time-MoE,0.60268634557724
Sample 2,Chronos,0.39731365442276
Sample 3,Timer,0.5446234941482544
Sample 3,TimesFM,0.4553765058517456
Sample 4,Chronos,0.5492044687271118
Sample 4,Moirai,0.4507955312728882
Sample 5,TimesFM,0.5073060989379883
Sample 5,Chronos,0.4926939010620117
Sample 6,TimesFM,0.608364999294281
Sample 6,Timer,0.391635000705719
Sample 7,Moirai,0.7474056482315063
Sample 7,Time-MoE,0.25259438157081604
Sample 8,Moirai,0.9995837807655334
Sample 8,Timer,0.0004162366676609963
Sample 9,TimesFM,0.6901993155479431
Sample 9,Chronos,0.3098006546497345
Sample 10,Timer,0.597099781036377
Sample 10,Moirai,0.40290024876594543
Sample 11,TimesFM,0.5467771291732788
Sample 11,Chronos,0.4532228410243988
Sample 12,Time-MoE,0.5119086503982544
Sample 12,Moirai,0.4880913197994232
Sample 13,TimesFM,0.6090381145477295
Sample 13,Timer,0.3909619152545929
Sample 14,Timer,0.6421786546707153
Sample 14,Chronos,0.3578213155269623
Sample 15,Moirai,0.8816338777542114
Sample 15,Time-MoE,0.11836611479520798
Sample 16,Moirai,0.9988574981689453
Sample 16,Time-MoE,0.0011424788972362876
Sample 17,Timer,0.5087185502052307
Sample 17,TimesFM,0.4912814199924469
Sample 18,Time-MoE,0.7238785624504089
Sample 18,Timer,0.27612146735191345
Sample 19,TimesFM,0.7696758508682251
Sample 19,Chronos,0.23032410442829132
Sample 20,Moirai,0.796519935131073
Sample 20,Timer,0.2034800797700882
Sample 21,TimesFM,0.6303051710128784
Sample 21,Chronos,0.3696947991847992
Sample 22,Chronos,0.8582176566123962
Sample 22,Timer,0.14178235828876495
Sample 23,Chronos,0.8132930397987366
Sample 23,Moirai,0.18670697510242462
Sample 24,Moirai,0.9998384714126587
Sample 24,Time-MoE,0.00016153579053934664
Sample 25,TimesFM,0.6311525106430054
Sample 25,Chronos,0.36884748935699463
Sample 26,Moirai,0.7779445052146912
Sample 26,Timer,0.22205547988414764
Sample 27,Moirai,0.9459856152534485
Sample 27,TimesFM,0.05401436984539032
Sample 28,Time-MoE,0.7427937388420105
Sample 28,Chronos,0.2572062611579895
Sample 29,TimesFM,0.6701708436012268
Sample 29,Chronos,0.3298291862010956
Sample 30,Chronos,0.652382493019104
Sample 30,Timer,0.347617506980896
Sample 31,Moirai,0.8161055445671082
Sample 31,Chronos,0.18389439582824707
Sample 0,Moirai,0.9996082186698914
Sample 0,Chronos,0.00039178476436063647
Sample 1,Moirai,0.6708415150642395
Sample 1,Chronos,0.3291584849357605
Sample 2,Time-MoE,0.5378922820091248
Sample 2,Timer,0.46210771799087524
Sample 3,Chronos,0.5647202730178833
Sample 3,TimesFM,0.4352797269821167
Sample 4,TimesFM,0.5462101697921753
Sample 4,Chronos,0.4537898302078247
Sample 5,TimesFM,0.5069934129714966
Sample 5,Timer,0.4930065870285034
Sample 6,Chronos,0.6113380193710327
Sample 6,Timer,0.3886620104312897
Sample 7,Moirai,0.5013995170593262
Sample 7,Time-MoE,0.49860048294067383
Sample 8,Moirai,0.9770553112030029
Sample 8,Chronos,0.022944677621126175
Sample 9,Timer,0.5645730495452881
Sample 9,Chronos,0.4354269802570343
Sample 10,Timer,0.6678521633148193
Sample 10,Moirai,0.3321477770805359
Sample 11,Time-MoE,0.6695026755332947
Sample 11,Timer,0.3304973244667053
Sample 12,Timer,0.6836374998092651
Sample 12,Time-MoE,0.3163624703884125
Sample 13,TimesFM,0.6668436527252197
Sample 13,Timer,0.3331562876701355
Sample 14,Chronos,0.8087078928947449
Sample 14,TimesFM,0.19129212200641632
Sample 15,Moirai,0.9180925488471985
Sample 15,Timer,0.08190739899873734
Sample 16,Moirai,0.9991362690925598
Sample 16,Time-MoE,0.0008637200808152556
Sample 17,Chronos,0.6213014125823975
Sample 17,Timer,0.37869858741760254
Sample 18,Time-MoE,0.82632976770401
Sample 18,TimesFM,0.17367026209831238
Sample 19,TimesFM,0.7532153725624084
Sample 19,Chronos,0.24678465723991394
Sample 20,TimesFM,0.532020092010498
Sample 20,Chronos,0.46797987818717957
Sample 21,TimesFM,0.7352811694145203
Sample 21,Moirai,0.26471883058547974
Sample 22,Chronos,0.7828540205955505
Sample 22,Timer,0.21714600920677185
Sample 23,Time-MoE,0.5032651424407959
Sample 23,Chronos,0.4967348575592041
Sample 24,Moirai,0.9703809022903442
Sample 24,Timer,0.02961909957230091
Sample 25,TimesFM,0.567513108253479
Sample 25,Chronos,0.432486891746521
Sample 26,Chronos,0.6766232252120972
Sample 26,Timer,0.3233768045902252
Sample 27,TimesFM,0.6582977771759033
Sample 27,Chronos,0.3417021930217743
Sample 28,Chronos,0.5438907146453857
Sample 28,Timer,0.45610931515693665
Sample 29,TimesFM,0.6264429092407227
Sample 29,Chronos,0.37355709075927734
Sample 30,Timer,0.6992562413215637
Sample 30,Chronos,0.3007437586784363
Sample 31,Moirai,0.8501396179199219
Sample 31,Time-MoE,0.14986039698123932
Sample 0,Moirai,0.9895245432853699
Sample 0,Timer,0.01047549583017826
Sample 1,TimesFM,0.6726058125495911
Sample 1,Chronos,0.32739412784576416
Sample 2,Moirai,0.5812148451805115
Sample 2,TimesFM,0.41878509521484375
Sample 3,TimesFM,0.7892027497291565
Sample 3,Chronos,0.2107972800731659
Sample 4,Moirai,0.893907368183136
Sample 4,Time-MoE,0.10609263181686401
Sample 5,TimesFM,0.5074959993362427
Sample 5,Time-MoE,0.4925040006637573
Sample 6,Chronos,0.669882595539093
Sample 6,TimesFM,0.330117404460907
Sample 7,Moirai,0.9772982001304626
Sample 7,Timer,0.022701745852828026
Sample 8,Moirai,0.9984851479530334
Sample 8,Chronos,0.0015148324891924858
Sample 9,TimesFM,0.8621590733528137
Sample 9,Moirai,0.1378408968448639
Sample 10,Chronos,0.7780981659889221
Sample 10,Timer,0.2219018191099167
Sample 11,TimesFM,0.7054398059844971
Sample 11,Chronos,0.29456016421318054
Sample 12,Time-MoE,0.543520450592041
Sample 12,TimesFM,0.4564795196056366
Sample 13,TimesFM,0.7438022494316101
Sample 13,Timer,0.2561977207660675
Sample 14,Chronos,0.5125212669372559
Sample 14,Timer,0.48747873306274414
Sample 15,Moirai,0.8673511147499084
Sample 15,Time-MoE,0.13264890015125275
Sample 16,Moirai,0.9701748490333557
Sample 16,TimesFM,0.02982516400516033
Sample 17,TimesFM,0.8520534038543701
Sample 17,Timer,0.14794664084911346
Sample 18,Time-MoE,0.6217880249023438
Sample 18,TimesFM,0.37821194529533386
Sample 19,Moirai,0.9835759997367859
Sample 19,TimesFM,0.016423948109149933
Sample 20,Chronos,0.669623076915741
Sample 20,Time-MoE,0.33037689328193665
Sample 21,TimesFM,0.8180821537971497
Sample 21,Chronos,0.18191787600517273
Sample 22,Timer,0.649124026298523
Sample 22,Time-MoE,0.35087600350379944
Sample 23,Timer,0.7149490714073181
Sample 23,Chronos,0.2850509583950043
Sample 24,Moirai,0.9824547171592712
Sample 24,Time-MoE,0.01754526048898697
Sample 25,TimesFM,0.7215953469276428
Sample 25,Chronos,0.2784046232700348
Sample 26,Time-MoE,0.7373137474060059
Sample 26,Moirai,0.26268622279167175
Sample 27,TimesFM,0.6412510871887207
Sample 27,Timer,0.3587488830089569
Sample 28,Time-MoE,0.876192569732666
Sample 28,Chronos,0.1238073855638504
Sample 29,TimesFM,0.9082691073417664
Sample 29,Chronos,0.09173091500997543
Sample 30,TimesFM,0.539009153842926
Sample 30,Chronos,0.4609908163547516
Sample 31,Time-MoE,0.7710928320884705
Sample 31,Moirai,0.22890710830688477
Sample 0,Moirai,0.973042905330658
Sample 0,Timer,0.026957031339406967
Sample 1,Moirai,0.6141604781150818
Sample 1,Chronos,0.3858395516872406
Sample 2,Chronos,0.5661160349845886
Sample 2,Moirai,0.43388399481773376
Sample 3,TimesFM,0.5669560432434082
Sample 3,Chronos,0.4330439865589142
Sample 4,Time-MoE,0.6878297924995422
Sample 4,TimesFM,0.3121701776981354
Sample 5,Moirai,0.8836030960083008
Sample 5,Chronos,0.11639689654111862
Sample 6,Timer,0.5874654054641724
Sample 6,Moirai,0.41253459453582764
Sample 7,Moirai,0.5494166016578674
Sample 7,Time-MoE,0.4505833685398102
Sample 8,Moirai,0.9999077320098877
Sample 8,Time-MoE,9.225013491231948e-05
Sample 9,TimesFM,0.507778525352478
Sample 9,Chronos,0.492221474647522
Sample 10,Chronos,0.5207611322402954
Sample 10,Time-MoE,0.4792388677597046
Sample 11,TimesFM,0.5174977779388428
Sample 11,Chronos,0.4825022220611572
Sample 12,Moirai,0.8327855467796326
Sample 12,Time-MoE,0.16721445322036743
Sample 13,TimesFM,0.5602169036865234
Sample 13,Chronos,0.43978312611579895
Sample 14,TimesFM,0.5338877439498901
Sample 14,Chronos,0.4661122262477875
Sample 15,Timer,0.5913321375846863
Sample 15,Time-MoE,0.4086679220199585
Sample 16,Moirai,0.9996567964553833
Sample 16,Chronos,0.00034324784064665437
Sample 17,Chronos,0.5565792918205261
Sample 17,Timer,0.4434207081794739
Sample 18,Moirai,0.6905966401100159
Sample 18,Timer,0.30940335988998413
Sample 19,TimesFM,0.6929543018341064
Sample 19,Time-MoE,0.30704572796821594
Sample 20,Time-MoE,0.7469698190689087
Sample 20,Timer,0.2530301511287689
Sample 21,Chronos,0.5377171039581299
Sample 21,Time-MoE,0.4622829258441925
Sample 22,Timer,0.7031278610229492
Sample 22,Moirai,0.2968721091747284
Sample 23,Moirai,0.7584441900253296
Sample 23,Time-MoE,0.2415558248758316
Sample 24,Moirai,0.9929719567298889
Sample 24,Timer,0.0070280893705785275
Sample 25,TimesFM,0.5544880628585815
Sample 25,Chronos,0.44551190733909607
Sample 26,Time-MoE,0.8434082269668579
Sample 26,Timer,0.15659180283546448
Sample 27,TimesFM,0.8592004179954529
Sample 27,Timer,0.14079958200454712
Sample 28,Time-MoE,0.7338178753852844
Sample 28,Chronos,0.26618215441703796
Sample 29,TimesFM,0.7831594944000244
Sample 29,Timer,0.21684043109416962
Sample 30,Chronos,0.6910884976387024
Sample 30,Timer,0.3089114725589752
Sample 31,Moirai,0.6504887342453003
Sample 31,Timer,0.34951120615005493
Sample 0,Moirai,0.9992352724075317
Sample 0,Time-MoE,0.0007647477323189378
Sample 1,TimesFM,0.8099285960197449
Sample 1,Timer,0.19007141888141632
Sample 2,TimesFM,0.5249133110046387
Sample 2,Chronos,0.47508665919303894
Sample 3,Chronos,0.5928810834884644
Sample 3,TimesFM,0.40711891651153564
Sample 4,Moirai,0.6547131538391113
Sample 4,Time-MoE,0.34528684616088867
Sample 5,TimesFM,0.6914913654327393
Sample 5,Chronos,0.30850863456726074
Sample 6,Moirai,0.5668246150016785
Sample 6,Timer,0.43317538499832153
Sample 7,Time-MoE,0.5575181245803833
Sample 7,Moirai,0.4424818754196167
Sample 8,Moirai,0.9990690350532532
Sample 8,Time-MoE,0.0009310059831477702
Sample 9,TimesFM,0.8525951504707336
Sample 9,Timer,0.14740484952926636
Sample 10,TimesFM,0.5574073791503906
Sample 10,Timer,0.4425926208496094
Sample 11,Moirai,0.7831606864929199
Sample 11,TimesFM,0.21683931350708008
Sample 12,Time-MoE,0.6486807465553284
Sample 12,Moirai,0.351319283246994
Sample 13,TimesFM,0.5783277153968811
Sample 13,Moirai,0.4216722548007965
Sample 14,Timer,0.5121774077415466
Sample 14,TimesFM,0.487822562456131
Sample 15,Timer,0.6724050641059875
Sample 15,TimesFM,0.32759496569633484
Sample 16,Moirai,0.9944830536842346
Sample 16,TimesFM,0.0055168867111206055
Sample 17,TimesFM,0.5388376116752625
Sample 17,Timer,0.46116241812705994
Sample 18,Timer,0.800616443157196
Sample 18,Chronos,0.19938351213932037
Sample 19,TimesFM,0.7332105040550232
Sample 19,Timer,0.2667894661426544
Sample 20,Time-MoE,0.8631100654602051
Sample 20,Chronos,0.13688994944095612
Sample 21,TimesFM,0.791640043258667
Sample 21,Chronos,0.2083599716424942
Sample 22,Chronos,0.5815165042877197
Sample 22,Timer,0.41848355531692505
Sample 23,Timer,0.6765625476837158
Sample 23,Moirai,0.3234374523162842
Sample 24,Moirai,0.9999736547470093
Sample 24,Timer,2.6323379643145017e-05
Sample 25,Chronos,0.5326704382896423
Sample 25,TimesFM,0.46732956171035767
Sample 26,TimesFM,0.6676152348518372
Sample 26,Timer,0.33238479495048523
Sample 27,TimesFM,0.8437209129333496
Sample 27,Timer,0.1562790721654892
Sample 28,Moirai,0.7418680191040039
Sample 28,Time-MoE,0.2581319808959961
Sample 29,TimesFM,0.7512295842170715
Sample 29,Chronos,0.24877040088176727
Sample 30,Time-MoE,0.5165769457817078
Sample 30,Timer,0.48342305421829224
Sample 31,Moirai,0.9256764054298401
Sample 31,Timer,0.07432366907596588
Sample 0,Moirai,0.9909847974777222
Sample 0,Time-MoE,0.00901523046195507
Sample 1,TimesFM,0.6064313054084778
Sample 1,Chronos,0.39356863498687744
Sample 2,Time-MoE,0.575531005859375
Sample 2,Timer,0.424468994140625
Sample 3,TimesFM,0.5740419626235962
Sample 3,Timer,0.4259580373764038
Sample 4,Time-MoE,0.6019657254219055
Sample 4,Moirai,0.39803430438041687
Sample 5,Timer,0.512935221195221
Sample 5,TimesFM,0.48706474900245667
Sample 6,Chronos,0.5850504040718079
Sample 6,Timer,0.41494959592819214
Sample 7,Time-MoE,0.7653367519378662
Sample 7,Moirai,0.23466329276561737
Sample 8,Moirai,0.9996727705001831
Sample 8,Time-MoE,0.00032728651422075927
Sample 9,Moirai,0.6242657899856567
Sample 9,Timer,0.37573423981666565
Sample 10,Timer,0.5883532762527466
Sample 10,TimesFM,0.4116467535495758
Sample 11,Moirai,0.5046442151069641
Sample 11,TimesFM,0.4953557848930359
Sample 12,Time-MoE,0.5030577778816223
Sample 12,Chronos,0.4969422519207001
Sample 13,Chronos,0.5728499293327332
Sample 13,TimesFM,0.42715010046958923
Sample 14,Time-MoE,0.6670408248901367
Sample 14,Chronos,0.3329591453075409
Sample 15,Moirai,0.6838035583496094
Sample 15,Time-MoE,0.316196471452713
Sample 16,Moirai,0.971772313117981
Sample 16,Chronos,0.028227658942341805
Sample 17,TimesFM,0.6703940033912659
Sample 17,Timer,0.3296060264110565
Sample 18,Moirai,0.6266762614250183
Sample 18,Time-MoE,0.37332379817962646
Sample 19,TimesFM,0.7564587593078613
Sample 19,Timer,0.24354125559329987
Sample 20,TimesFM,0.6786121129989624
Sample 20,Timer,0.32138791680336
Sample 21,TimesFM,0.8352208137512207
Sample 21,Chronos,0.1647791564464569
Sample 22,TimesFM,0.5008004307746887
Sample 22,Time-MoE,0.4991995692253113
Sample 23,Moirai,0.8796064853668213
Sample 23,Time-MoE,0.12039356678724289
Sample 24,Moirai,0.9960648417472839
Sample 24,Time-MoE,0.003935218323022127
Sample 25,TimesFM,0.7714719772338867
Sample 25,Chronos,0.2285280078649521
Sample 26,Time-MoE,0.5327762961387634
Sample 26,Timer,0.4672236740589142
Sample 27,TimesFM,0.6104398369789124
Sample 27,Timer,0.38956013321876526
Sample 28,Chronos,0.5492890477180481
Sample 28,Timer,0.4507109224796295
Sample 29,TimesFM,0.5263651609420776
Sample 29,Chronos,0.47363486886024475
Sample 30,Moirai,0.5076339840888977
Sample 30,Timer,0.4923659861087799
Sample 31,Chronos,0.6710241436958313
Sample 31,Time-MoE,0.3289758563041687
Sample 0,Moirai,0.950086772441864
Sample 0,TimesFM,0.04991321265697479
Sample 1,TimesFM,0.5330953598022461
Sample 1,Chronos,0.4669046700000763
Sample 2,Timer,0.9058781862258911
Sample 2,Time-MoE,0.09412180632352829
Sample 3,TimesFM,0.7610450387001038
Sample 3,Chronos,0.23895500600337982
Sample 4,Time-MoE,0.7959668040275574
Sample 4,TimesFM,0.20403319597244263
Sample 5,TimesFM,0.6389545798301697
Sample 5,Timer,0.3610454201698303
Sample 6,TimesFM,0.7992610335350037
Sample 6,Time-MoE,0.20073901116847992
Sample 7,Timer,0.5516173839569092
Sample 7,Time-MoE,0.4483826458454132
Sample 8,Moirai,0.9998800754547119
Sample 8,Timer,0.00011991032806690782
Sample 9,TimesFM,0.6186641454696655
Sample 9,Timer,0.38133591413497925
Sample 10,Time-MoE,0.7515769600868225
Sample 10,Chronos,0.24842308461666107
Sample 11,TimesFM,0.6515770554542542
Sample 11,Timer,0.34842297434806824
Sample 12,Time-MoE,0.6526085138320923
Sample 12,Timer,0.34739142656326294
Sample 13,Chronos,0.5076362490653992
Sample 13,TimesFM,0.49236372113227844
Sample 14,TimesFM,0.6985388398170471
Sample 14,Timer,0.30146121978759766
Sample 15,Moirai,0.9530360698699951
Sample 15,Time-MoE,0.046963904052972794
Sample 0,Moirai,0.9985542893409729
Sample 0,Timer,0.0014457481447607279
Sample 1,Chronos,0.6155610680580139
Sample 1,TimesFM,0.3844389319419861
Sample 2,Time-MoE,0.6995599269866943
Sample 2,Chronos,0.30044007301330566
Sample 3,TimesFM,0.5487980842590332
Sample 3,Chronos,0.4512019455432892
Sample 4,Timer,0.5402426719665527
Sample 4,Time-MoE,0.45975735783576965
Sample 5,Chronos,0.7361729741096497
Sample 5,TimesFM,0.26382699608802795
Sample 6,Chronos,0.7044873833656311
Sample 6,Moirai,0.2955126166343689
Sample 7,Moirai,0.9417418837547302
Sample 7,Chronos,0.05825812369585037
Sample 8,Moirai,0.9999442100524902
Sample 8,Timer,5.578759009949863e-05
Sample 9,TimesFM,0.6911932826042175
Sample 9,Chronos,0.30880671739578247
Sample 10,Time-MoE,0.8069451451301575
Sample 10,Timer,0.19305479526519775
Sample 11,TimesFM,0.8164883852005005
Sample 11,Timer,0.1835116744041443
Sample 12,Moirai,0.7671821713447571
Sample 12,Time-MoE,0.23281775414943695
Sample 13,TimesFM,0.8188111186027527
Sample 13,Timer,0.18118883669376373
Sample 14,Chronos,0.6004703640937805
Sample 14,Time-MoE,0.3995296061038971
Sample 15,Moirai,0.9480562210083008
Sample 15,Timer,0.05194380506873131
Sample 16,Moirai,0.9535452127456665
Sample 16,Time-MoE,0.04645475372672081
Sample 17,TimesFM,0.7477777600288391
Sample 17,Timer,0.2522222101688385
Sample 18,Timer,0.5743215084075928
Sample 18,Time-MoE,0.42567846179008484
Sample 19,TimesFM,0.8216169476509094
Sample 19,Time-MoE,0.17838308215141296
Sample 20,Moirai,0.8729028105735779
Sample 20,Time-MoE,0.1270972490310669
Sample 21,TimesFM,0.8859903216362
Sample 21,Timer,0.11400962620973587
Sample 22,Time-MoE,0.6982526183128357
Sample 22,Timer,0.3017474114894867
Sample 23,TimesFM,0.5259571671485901
Sample 23,Chronos,0.4740428030490875
Sample 24,Moirai,0.985645055770874
Sample 24,Time-MoE,0.014355020597577095
Sample 25,TimesFM,0.5051233172416687
Sample 25,Chronos,0.4948766529560089
Sample 26,Moirai,0.9377822875976562
Sample 26,TimesFM,0.06221769005060196
Sample 27,Moirai,0.8714669346809387
Sample 27,Chronos,0.12853306531906128
Sample 28,Timer,0.5210164189338684
Sample 28,Time-MoE,0.4789835512638092
Sample 29,TimesFM,0.8045521378517151
Sample 29,Timer,0.19544784724712372
Sample 30,Time-MoE,0.7104246616363525
Sample 30,Timer,0.2895753085613251
Sample 31,Time-MoE,0.5022854208946228
Sample 31,Moirai,0.4977145791053772
Sample 0,Moirai,0.9983099699020386
Sample 0,TimesFM,0.001690030680038035
Sample 1,TimesFM,0.5523111820220947
Sample 1,Moirai,0.4476888179779053
Sample 2,Time-MoE,0.6551409363746643
Sample 2,Chronos,0.3448590636253357
Sample 3,TimesFM,0.8361223936080933
Sample 3,Chronos,0.16387760639190674
Sample 4,Chronos,0.7246635556221008
Sample 4,TimesFM,0.27533644437789917
Sample 5,TimesFM,0.6536373496055603
Sample 5,Timer,0.3463626801967621
Sample 6,Chronos,0.7828929424285889
Sample 6,Timer,0.21710704267024994
Sample 7,Moirai,0.8662710785865784
Sample 7,Time-MoE,0.13372889161109924
Sample 8,Moirai,0.9977284073829651
Sample 8,Timer,0.002271617529913783
Sample 9,Chronos,0.5508869290351868
Sample 9,TimesFM,0.44911304116249084
Sample 10,TimesFM,0.575404703617096
Sample 10,Timer,0.42459526658058167
Sample 11,Time-MoE,0.6918449997901917
Sample 11,TimesFM,0.30815500020980835
Sample 12,Chronos,0.526673436164856
Sample 12,Timer,0.47332659363746643
Sample 13,TimesFM,0.620618462562561
Sample 13,Time-MoE,0.3793815076351166
Sample 14,Chronos,0.6275745034217834
Sample 14,Time-MoE,0.37242549657821655
Sample 15,Moirai,0.8121194839477539
Sample 15,Timer,0.1878805160522461
Sample 16,Moirai,0.9983837604522705
Sample 16,Time-MoE,0.0016162991523742676
Sample 17,TimesFM,0.5693250894546509
Sample 17,Timer,0.43067485094070435
Sample 18,TimesFM,0.604595422744751
Sample 18,Time-MoE,0.395404577255249
Sample 19,TimesFM,0.6059768795967102
Sample 19,Moirai,0.39402318000793457
Sample 20,TimesFM,0.5681498050689697
Sample 20,Chronos,0.4318501651287079
Sample 21,TimesFM,0.5615874528884888
Sample 21,Moirai,0.43841251730918884
Sample 22,Timer,0.6321158409118652
Sample 22,Time-MoE,0.36788421869277954
Sample 23,Timer,0.5236232280731201
Sample 23,Chronos,0.4763767719268799
Sample 24,Moirai,0.9994540810585022
Sample 24,Chronos,0.0005459467065520585
Sample 25,TimesFM,0.748440682888031
Sample 25,Chronos,0.251559317111969
Sample 26,Timer,0.6994156241416931
Sample 26,TimesFM,0.3005843758583069
Sample 27,TimesFM,0.9541488885879517
Sample 27,Chronos,0.04585113748908043
Sample 28,Chronos,0.5421208739280701
Sample 28,TimesFM,0.45787909626960754
Sample 29,Moirai,0.6282401084899902
Sample 29,TimesFM,0.37175989151000977
Sample 30,TimesFM,0.5745612978935242
Sample 30,Timer,0.42543870210647583
Sample 31,Time-MoE,0.7735233902931213
Sample 31,Moirai,0.22647660970687866
Sample 0,Moirai,0.8752269148826599
Sample 0,Time-MoE,0.1247730553150177
Sample 1,TimesFM,0.6297541260719299
Sample 1,Chronos,0.3702458441257477
Sample 2,TimesFM,0.6250103712081909
Sample 2,Timer,0.37498965859413147
Sample 3,TimesFM,0.8538607358932495
Sample 3,Chronos,0.1461392492055893
Sample 4,Moirai,0.9587611556053162
Sample 4,TimesFM,0.04123877361416817
Sample 5,Timer,0.5790516138076782
Sample 5,Time-MoE,0.42094841599464417
Sample 6,Timer,0.6212430000305176
Sample 6,Time-MoE,0.37875697016716003
Sample 7,Moirai,0.9661497473716736
Sample 7,Time-MoE,0.03385021165013313
Sample 8,Moirai,0.9818779230117798
Sample 8,Timer,0.01812209002673626
Sample 9,TimesFM,0.8845474720001221
Sample 9,Chronos,0.11545253545045853
Sample 10,Time-MoE,0.7449240684509277
Sample 10,Chronos,0.2550759017467499
Sample 11,TimesFM,0.8063310384750366
Sample 11,Chronos,0.1936689168214798
Sample 12,Timer,0.5761526226997375
Sample 12,Time-MoE,0.42384734749794006
Sample 13,TimesFM,0.7998233437538147
Sample 13,Chronos,0.2001766562461853
Sample 14,Chronos,0.5272438526153564
Sample 14,Timer,0.47275614738464355
Sample 15,Moirai,0.718437910079956
Sample 15,Time-MoE,0.28156211972236633
Sample 16,Moirai,0.5850361585617065
Sample 16,TimesFM,0.41496387124061584
Sample 17,TimesFM,0.5078324675559998
Sample 17,Chronos,0.492167592048645
Sample 18,Time-MoE,0.9572495222091675
Sample 18,Chronos,0.04275050386786461
Sample 19,Moirai,0.742165744304657
Sample 19,Chronos,0.2578342854976654
Sample 20,Timer,0.520113468170166
Sample 20,Time-MoE,0.47988659143447876
Sample 21,TimesFM,0.6536903977394104
Sample 21,Chronos,0.346309632062912
Sample 22,Chronos,0.6845226883888245
Sample 22,Timer,0.31547731161117554
Sample 23,Chronos,0.6383399367332458
Sample 23,Time-MoE,0.36166006326675415
Sample 24,Moirai,0.9793601036071777
Sample 24,Timer,0.020639944821596146
Sample 25,TimesFM,0.8343684077262878
Sample 25,Chronos,0.16563163697719574
Sample 26,Time-MoE,0.8825355172157288
Sample 26,Chronos,0.11746451258659363
Sample 27,TimesFM,0.873850405216217
Sample 27,Timer,0.12614959478378296
Sample 28,Time-MoE,0.7662114500999451
Sample 28,Chronos,0.23378853499889374
Sample 29,TimesFM,0.7304108738899231
Sample 29,Chronos,0.2695890963077545
Sample 30,Time-MoE,0.5278087258338928
Sample 30,TimesFM,0.4721912443637848
Sample 31,Time-MoE,0.8968918323516846
Sample 31,Chronos,0.10310813039541245
Sample 0,Moirai,0.9994230270385742
Sample 0,Timer,0.0005770018324255943
Sample 1,TimesFM,0.535168468952179
Sample 1,Moirai,0.46483153104782104
Sample 2,Moirai,0.9247245192527771
Sample 2,TimesFM,0.07527550309896469
Sample 3,TimesFM,0.7850737571716309
Sample 3,Chronos,0.21492625772953033
Sample 4,Timer,0.5636464357376099
Sample 4,Time-MoE,0.43635356426239014
Sample 5,Moirai,0.9482877254486084
Sample 5,TimesFM,0.051712311804294586
Sample 6,Moirai,0.6074839234352112
Sample 6,TimesFM,0.39251604676246643
Sample 7,Chronos,0.5021235346794128
Sample 7,Moirai,0.49787646532058716
Sample 8,Moirai,0.9998502731323242
Sample 8,Time-MoE,0.00014971602649893612
Sample 9,TimesFM,0.6069435477256775
Sample 9,Timer,0.3930564224720001
Sample 10,Timer,0.6044474244117737
Sample 10,Time-MoE,0.3955526351928711
Sample 11,TimesFM,0.6432675719261169
Sample 11,Timer,0.35673239827156067
Sample 12,Moirai,0.5554216504096985
Sample 12,Time-MoE,0.4445783197879791
Sample 13,TimesFM,0.9583593010902405
Sample 13,Chronos,0.0416407585144043
Sample 14,Chronos,0.7316598296165466
Sample 14,Timer,0.268340140581131
Sample 15,Moirai,0.7465858459472656
Sample 15,Time-MoE,0.25341418385505676
Sample 16,Moirai,0.9988828301429749
Sample 16,Timer,0.0011171427322551608
Sample 17,Timer,0.6891745924949646
Sample 17,Chronos,0.3108254373073578
Sample 18,Moirai,0.7927383184432983
Sample 18,Time-MoE,0.20726163685321808
Sample 19,TimesFM,0.9501758813858032
Sample 19,Timer,0.049824055284261703
Sample 20,Time-MoE,0.5922654271125793
Sample 20,Chronos,0.40773463249206543
Sample 21,Time-MoE,0.5155444145202637
Sample 21,Timer,0.48445552587509155
Sample 22,Moirai,0.6103130578994751
Sample 22,Time-MoE,0.3896869719028473
Sample 23,Time-MoE,0.6673592329025269
Sample 23,Moirai,0.33264073729515076
Sample 24,Moirai,0.9950910806655884
Sample 24,Time-MoE,0.004908914677798748
Sample 25,TimesFM,0.7244609594345093
Sample 25,Chronos,0.2755390703678131
Sample 26,Time-MoE,0.7251876592636108
Sample 26,Moirai,0.27481234073638916
Sample 27,TimesFM,0.8734182715415955
Sample 27,Timer,0.12658174335956573
Sample 28,Moirai,0.9232082366943359
Sample 28,Timer,0.07679180055856705
Sample 29,TimesFM,0.8198415637016296
Sample 29,Time-MoE,0.18015846610069275
Sample 30,TimesFM,0.5023770928382874
Sample 30,Chronos,0.49762290716171265
Sample 31,Moirai,0.7498356103897095
Sample 31,Time-MoE,0.2501644194126129
Sample 0,Moirai,0.9994924068450928
Sample 0,Time-MoE,0.0005076319794170558
Sample 1,TimesFM,0.576744556427002
Sample 1,Chronos,0.42325544357299805
Sample 2,Chronos,0.7051253318786621
Sample 2,Timer,0.2948746681213379
Sample 3,TimesFM,0.8909710049629211
Sample 3,Chronos,0.10902900248765945
Sample 4,Time-MoE,0.6698818802833557
Sample 4,Chronos,0.3301181197166443
Sample 5,TimesFM,0.8145270347595215
Sample 5,Timer,0.18547292053699493
Sample 6,Chronos,0.6456182599067688
Sample 6,TimesFM,0.3543817102909088
Sample 7,Moirai,0.8765198588371277
Sample 7,Time-MoE,0.12348011136054993
Sample 8,Moirai,0.9992751479148865
Sample 8,Time-MoE,0.0007248174515552819
Sample 9,Chronos,0.6145700216293335
Sample 9,TimesFM,0.3854299485683441
Sample 10,Moirai,0.8281542658805847
Sample 10,Timer,0.1718457043170929
Sample 11,Moirai,0.6798895597457886
Sample 11,Chronos,0.3201104402542114
Sample 12,Time-MoE,0.7566455602645874
Sample 12,Chronos,0.24335439503192902
Sample 13,TimesFM,0.6521816849708557
Sample 13,Moirai,0.3478183150291443
Sample 14,Time-MoE,0.563366174697876
Sample 14,Timer,0.436633825302124
Sample 15,TimesFM,0.6936032772064209
Sample 15,Time-MoE,0.3063966929912567
Sample 16,Moirai,0.9989156723022461
Sample 16,Timer,0.0010843161726370454
Sample 17,Chronos,0.539421558380127
Sample 17,Timer,0.4605785012245178
Sample 18,Chronos,0.5095824003219604
Sample 18,Timer,0.49041759967803955
Sample 19,TimesFM,0.8138594627380371
Sample 19,Chronos,0.18614058196544647
Sample 20,Time-MoE,0.8534902930259705
Sample 20,Timer,0.14650966227054596
Sample 21,TimesFM,0.7312543392181396
Sample 21,Timer,0.2687457203865051
Sample 22,Chronos,0.7432717680931091
Sample 22,Timer,0.25672823190689087
Sample 23,Time-MoE,0.5821419954299927
Sample 23,Timer,0.4178580045700073
Sample 24,Moirai,0.9998778104782104
Sample 24,Time-MoE,0.0001221169368363917
Sample 25,TimesFM,0.801353394985199
Sample 25,Chronos,0.1986466348171234
Sample 26,Moirai,0.6632152795791626
Sample 26,TimesFM,0.3367847800254822
Sample 27,TimesFM,0.8032506108283997
Sample 27,Chronos,0.19674935936927795
Sample 28,Moirai,0.7586526870727539
Sample 28,Chronos,0.2413473278284073
Sample 29,TimesFM,0.778876543045044
Sample 29,Timer,0.22112339735031128
Sample 30,Chronos,0.5800206065177917
Sample 30,TimesFM,0.41997939348220825
Sample 31,Time-MoE,0.7365732789039612
Sample 31,Moirai,0.26342666149139404
Sample 0,Moirai,0.9985288381576538
Sample 0,Chronos,0.0014711677795276046
Sample 1,TimesFM,0.547950029373169
Sample 1,Chronos,0.45204994082450867
Sample 2,TimesFM,0.7160243988037109
Sample 2,Chronos,0.28397563099861145
Sample 3,TimesFM,0.531653881072998
Sample 3,Timer,0.46834608912467957
Sample 4,Timer,0.5877352356910706
Sample 4,Moirai,0.41226476430892944
Sample 5,Time-MoE,0.5991736054420471
Sample 5,Timer,0.40082642436027527
Sample 6,Timer,0.742956817150116
Sample 6,Time-MoE,0.25704315304756165
Sample 7,Moirai,0.5699912309646606
Sample 7,Chronos,0.4300087094306946
Sample 8,Moirai,0.9894046783447266
Sample 8,Time-MoE,0.010595403611660004
Sample 9,TimesFM,0.6981201767921448
Sample 9,Moirai,0.3018798232078552
Sample 10,Moirai,0.5616245269775391
Sample 10,Time-MoE,0.43837544322013855
Sample 11,Moirai,0.6139577627182007
Sample 11,TimesFM,0.3860422372817993
Sample 12,TimesFM,0.6026568412780762
Sample 12,Moirai,0.3973432183265686
Sample 13,TimesFM,0.7169883847236633
Sample 13,Chronos,0.28301164507865906
Sample 14,Time-MoE,0.5061770677566528
Sample 14,Chronos,0.49382296204566956
Sample 15,Time-MoE,0.6394959092140198
Sample 15,Moirai,0.3605041205883026
Sample 16,Moirai,0.9998377561569214
Sample 16,Timer,0.0001622036361368373
Sample 17,TimesFM,0.7409336566925049
Sample 17,Chronos,0.25906628370285034
Sample 18,Moirai,0.8188703060150146
Sample 18,Time-MoE,0.18112970888614655
Sample 19,TimesFM,0.7077823281288147
Sample 19,Moirai,0.2922176718711853
Sample 20,TimesFM,0.6986644268035889
Sample 20,Chronos,0.30133557319641113
Sample 21,Timer,0.5218102931976318
Sample 21,TimesFM,0.4781896471977234
Sample 22,Chronos,0.6010043025016785
Sample 22,Time-MoE,0.39899569749832153
Sample 23,Time-MoE,0.5903916358947754
Sample 23,Moirai,0.4096083641052246
Sample 24,Moirai,0.9915375709533691
Sample 24,Chronos,0.008462467230856419
Sample 25,TimesFM,0.7843315005302429
Sample 25,Moirai,0.21566852927207947
Sample 26,Time-MoE,0.6380950212478638
Sample 26,Timer,0.3619050085544586
Sample 27,TimesFM,0.7272390723228455
Sample 27,Chronos,0.2727609872817993
Sample 28,TimesFM,0.6729670763015747
Sample 28,Moirai,0.3270328938961029
Sample 29,Timer,0.5230036973953247
Sample 29,TimesFM,0.4769963324069977
Sample 30,Time-MoE,0.8683727979660034
Sample 30,Timer,0.13162720203399658
Sample 31,Time-MoE,0.7041191458702087
Sample 31,Chronos,0.29588085412979126
Sample 0,Moirai,0.9835657477378845
Sample 0,TimesFM,0.016434235498309135
Sample 1,TimesFM,0.6633105278015137
Sample 1,Timer,0.33668947219848633
Sample 2,Time-MoE,0.9894806146621704
Sample 2,Chronos,0.01051940768957138
Sample 3,TimesFM,0.7096351385116577
Sample 3,Chronos,0.2903648614883423
Sample 4,TimesFM,0.6130058765411377
Sample 4,Time-MoE,0.3869941532611847
Sample 5,TimesFM,0.5460076928138733
Sample 5,Moirai,0.4539923369884491
Sample 6,TimesFM,0.6247926950454712
Sample 6,Chronos,0.3752072751522064
Sample 7,Moirai,0.8929698467254639
Sample 7,Chronos,0.10703009366989136
Sample 8,Moirai,0.9993630051612854
Sample 8,Time-MoE,0.0006370227201841772
Sample 9,Chronos,0.5925267934799194
Sample 9,TimesFM,0.4074731767177582
Sample 10,Time-MoE,0.6361029744148254
Sample 10,Timer,0.3638969957828522
Sample 11,TimesFM,0.8305922746658325
Sample 11,Chronos,0.16940779983997345
Sample 12,Time-MoE,0.8169300556182861
Sample 12,Moirai,0.18306991457939148
Sample 13,Chronos,0.5829193592071533
Sample 13,Moirai,0.41708067059516907
Sample 14,Timer,0.5558920502662659
Sample 14,Chronos,0.4441079795360565
Sample 15,Moirai,0.8106584548950195
Sample 15,Time-MoE,0.1893414855003357
Sample 0,Moirai,0.9985176920890808
Sample 0,TimesFM,0.0014823039527982473
Sample 1,TimesFM,0.5993973612785339
Sample 1,Timer,0.40060263872146606
Sample 2,Chronos,0.6300082802772522
Sample 2,Time-MoE,0.3699917197227478
Sample 3,TimesFM,0.5634250640869141
Sample 3,Chronos,0.43657493591308594
Sample 4,Time-MoE,0.5229296684265137
Sample 4,Timer,0.47707033157348633
Sample 5,TimesFM,0.6813416481018066
Sample 5,Chronos,0.31865838170051575
Sample 6,Chronos,0.698555588722229
Sample 6,Timer,0.3014444410800934
Sample 7,Moirai,0.8437567949295044
Sample 7,Time-MoE,0.15624316036701202
Sample 8,Moirai,0.9996771812438965
Sample 8,Timer,0.00032286898931488395
Sample 9,Chronos,0.5091870427131653
Sample 9,Timer,0.49081292748451233
Sample 10,Time-MoE,0.8314340114593506
Sample 10,Timer,0.16856598854064941
Sample 11,TimesFM,0.8452872037887573
Sample 11,Time-MoE,0.15471285581588745
Sample 12,Time-MoE,0.5152369141578674
Sample 12,Moirai,0.48476311564445496
Sample 13,Chronos,0.6093905568122864
Sample 13,TimesFM,0.390609472990036
Sample 14,TimesFM,0.5411245226860046
Sample 14,Time-MoE,0.4588754177093506
Sample 15,Moirai,0.5557697415351868
Sample 15,Time-MoE,0.4442302882671356
Sample 16,Moirai,0.9975733160972595
Sample 16,Time-MoE,0.002426635706797242
Sample 17,TimesFM,0.7923294901847839
Sample 17,Moirai,0.20767046511173248
Sample 18,Time-MoE,0.566155195236206
Sample 18,Timer,0.43384483456611633
Sample 19,TimesFM,0.5863644480705261
Sample 19,Chronos,0.41363558173179626
Sample 20,Moirai,0.7976566553115845
Sample 20,Chronos,0.20234334468841553
Sample 21,TimesFM,0.7409527897834778
Sample 21,Timer,0.2590472400188446
Sample 22,Chronos,0.5219271183013916
Sample 22,Time-MoE,0.4780729115009308
Sample 23,Chronos,0.652912974357605
Sample 23,Timer,0.3470870554447174
Sample 24,Moirai,0.9908539056777954
Sample 24,Time-MoE,0.009146098047494888
Sample 25,TimesFM,0.6957384943962097
Sample 25,Chronos,0.3042615056037903
Sample 26,Moirai,0.9532563090324402
Sample 26,Time-MoE,0.04674369469285011
Sample 27,Moirai,0.7747868299484253
Sample 27,Chronos,0.2252131700515747
Sample 28,Time-MoE,0.5730751752853394
Sample 28,TimesFM,0.42692482471466064
Sample 29,TimesFM,0.673301100730896
Sample 29,Chronos,0.326698899269104
Sample 30,TimesFM,0.7275891900062561
Sample 30,Timer,0.2724108099937439
Sample 31,Moirai,0.6923990845680237
Sample 31,Chronos,0.3076009154319763
Sample 0,Moirai,0.996044397354126
Sample 0,TimesFM,0.003955661319196224
Sample 1,TimesFM,0.812531054019928
Sample 1,Timer,0.18746896088123322
Sample 2,Chronos,0.574364960193634
Sample 2,Timer,0.4256350100040436
Sample 3,TimesFM,0.5129287838935852
Sample 3,Moirai,0.4870712161064148
Sample 4,Chronos,0.5207504630088806
Sample 4,Time-MoE,0.4792495369911194
Sample 5,TimesFM,0.656327486038208
Sample 5,Timer,0.34367257356643677
Sample 6,Timer,0.6001015305519104
Sample 6,Chronos,0.399898499250412
Sample 7,Moirai,0.8680465817451477
Sample 7,Time-MoE,0.1319534182548523
Sample 8,Moirai,0.9975226521492004
Sample 8,Timer,0.0024773001205176115
Sample 9,TimesFM,0.7865267395973206
Sample 9,Timer,0.21347327530384064
Sample 10,Timer,0.8039119243621826
Sample 10,Chronos,0.1960880309343338
Sample 11,Chronos,0.5596053004264832
Sample 11,Time-MoE,0.44039472937583923
Sample 12,Timer,0.5270066857337952
Sample 12,Time-MoE,0.4729933440685272
Sample 13,TimesFM,0.7446426153182983
Sample 13,Moirai,0.25535744428634644
Sample 14,Chronos,0.8475763201713562
Sample 14,Time-MoE,0.1524236649274826
Sample 15,Moirai,0.9105404615402222
Sample 15,Chronos,0.08945953100919724
Sample 16,Moirai,0.9998929500579834
Sample 16,Time-MoE,0.00010705924069043249
Sample 17,TimesFM,0.6133366823196411
Sample 17,Timer,0.3866632878780365
Sample 18,TimesFM,0.7105865478515625
Sample 18,Time-MoE,0.2894134223461151
Sample 19,TimesFM,0.7011592984199524
Sample 19,Timer,0.2988406717777252
Sample 20,Moirai,0.5307380557060242
Sample 20,Chronos,0.4692619740962982
Sample 21,Moirai,0.570438802242279
Sample 21,Chronos,0.4295612573623657
Sample 22,Timer,0.5218366384506226
Sample 22,Chronos,0.47816336154937744
Sample 23,Time-MoE,0.8664917349815369
Sample 23,Moirai,0.13350823521614075
Sample 24,Moirai,0.9342736005783081
Sample 24,Timer,0.06572642177343369
Sample 25,Timer,0.5376752614974976
Sample 25,TimesFM,0.46232476830482483
Sample 26,Timer,0.7753090262413025
Sample 26,Chronos,0.2246909737586975
Sample 27,TimesFM,0.7091104984283447
Sample 27,Timer,0.2908894419670105
Sample 28,Time-MoE,0.860062301158905
Sample 28,TimesFM,0.13993768393993378
Sample 29,TimesFM,0.599836528301239
Sample 29,Chronos,0.4001635015010834
Sample 30,Chronos,0.5846386551856995
Sample 30,Timer,0.41536131501197815
Sample 31,Moirai,0.6531718969345093
Sample 31,Time-MoE,0.34682807326316833
Sample 0,Moirai,0.9879081845283508
Sample 0,Timer,0.01209182757884264
Sample 1,TimesFM,0.6518287658691406
Sample 1,Chronos,0.3481712341308594
Sample 2,Timer,0.6281213164329529
Sample 2,Moirai,0.37187865376472473
Sample 3,TimesFM,0.6343961954116821
Sample 3,Chronos,0.36560383439064026
Sample 4,Moirai,0.9779953956604004
Sample 4,Timer,0.0220046266913414
Sample 5,Timer,0.5600796937942505
Sample 5,TimesFM,0.4399203658103943
Sample 6,Timer,0.5923424363136292
Sample 6,TimesFM,0.40765759348869324
Sample 7,Moirai,0.5227029323577881
Sample 7,Time-MoE,0.4772970676422119
Sample 8,Moirai,0.9859990477561951
Sample 8,Time-MoE,0.014000981114804745
Sample 9,Timer,0.5383363962173462
Sample 9,TimesFM,0.4616636037826538
Sample 10,Chronos,0.5384325385093689
Sample 10,TimesFM,0.4615674912929535
Sample 11,TimesFM,0.889061689376831
Sample 11,Timer,0.11093834787607193
Sample 12,Time-MoE,0.7656409740447998
Sample 12,Moirai,0.23435907065868378
Sample 13,Timer,0.613204836845398
Sample 13,TimesFM,0.38679519295692444
Sample 14,Timer,0.6597098708152771
Sample 14,Chronos,0.3402901291847229
Sample 15,Moirai,0.8059629797935486
Sample 15,Chronos,0.19403699040412903
Sample 16,Moirai,0.9797849059104919
Sample 16,TimesFM,0.020215077325701714
Sample 17,TimesFM,0.6670449376106262
Sample 17,Chronos,0.3329550325870514
Sample 18,TimesFM,0.9148836135864258
Sample 18,Time-MoE,0.08511638641357422
Sample 19,Moirai,0.9260178804397583
Sample 19,TimesFM,0.07398208975791931
Sample 20,Chronos,0.5276995897293091
Sample 20,Time-MoE,0.47230038046836853
Sample 21,Timer,0.5228614807128906
Sample 21,Chronos,0.4771385192871094
Sample 22,Chronos,0.7441920638084412
Sample 22,Time-MoE,0.2558079659938812
Sample 23,TimesFM,0.7216062545776367
Sample 23,Chronos,0.2783937156200409
Sample 24,Moirai,0.9919101595878601
Sample 24,Time-MoE,0.008089788258075714
Sample 25,Timer,0.5153688192367554
Sample 25,Chronos,0.48463112115859985
Sample 26,Time-MoE,0.7266203761100769
Sample 26,Chronos,0.2733795940876007
Sample 27,TimesFM,0.7803755402565002
Sample 27,Chronos,0.21962447464466095
Sample 28,Time-MoE,0.884600043296814
Sample 28,Timer,0.11539997160434723
Sample 29,TimesFM,0.5548699498176575
Sample 29,Chronos,0.44513002038002014
Sample 30,Chronos,0.5497015714645386
Sample 30,Timer,0.45029836893081665
Sample 31,Time-MoE,0.9164800643920898
Sample 31,Moirai,0.08351992070674896
Sample 0,Moirai,0.9866724014282227
Sample 0,Time-MoE,0.013327554799616337
Sample 1,Moirai,0.5763329267501831
Sample 1,TimesFM,0.4236670732498169
Sample 2,Moirai,0.7471003532409668
Sample 2,TimesFM,0.2528996467590332
Sample 3,Moirai,0.5477747917175293
Sample 3,TimesFM,0.4522251784801483
Sample 4,Chronos,0.643241286277771
Sample 4,Time-MoE,0.356758713722229
Sample 5,Moirai,0.8781505823135376
Sample 5,Chronos,0.12184938788414001
Sample 6,Moirai,0.5146811604499817
Sample 6,Time-MoE,0.4853188097476959
Sample 7,Time-MoE,0.5338314175605774
Sample 7,Moirai,0.4661685824394226
Sample 8,Moirai,0.999911904335022
Sample 8,Time-MoE,8.804201934253797e-05
Sample 9,Chronos,0.5833491683006287
Sample 9,TimesFM,0.41665083169937134
Sample 10,Time-MoE,0.7827491760253906
Sample 10,Chronos,0.217250794172287
Sample 11,TimesFM,0.6553516387939453
Sample 11,Chronos,0.3446483314037323
Sample 12,Moirai,0.6476672887802124
Sample 12,Time-MoE,0.3523327112197876
Sample 13,Chronos,0.6205282211303711
Sample 13,Timer,0.3794718384742737
Sample 14,Chronos,0.6006478071212769
Sample 14,TimesFM,0.39935222268104553
Sample 15,Moirai,0.8216031789779663
Sample 15,Chronos,0.17839686572551727
Sample 16,Moirai,0.9994403719902039
Sample 16,Time-MoE,0.0005596706760115921
Sample 17,Chronos,0.5371109247207642
Sample 17,Time-MoE,0.46288907527923584
Sample 18,Chronos,0.6088188290596008
Sample 18,Time-MoE,0.3911811113357544
Sample 19,TimesFM,0.927012026309967
Sample 19,Chronos,0.07298791408538818
Sample 20,Time-MoE,0.6479436159133911
Sample 20,Chronos,0.3520563840866089
Sample 21,TimesFM,0.8046660423278809
Sample 21,Timer,0.19533392786979675
Sample 22,Time-MoE,0.5147853493690491
Sample 22,Chronos,0.4852146506309509
Sample 23,Moirai,0.7688457369804382
Sample 23,Time-MoE,0.23115424811840057
Sample 24,Moirai,0.9997246861457825
Sample 24,Timer,0.0002752381842583418
Sample 25,TimesFM,0.5553438663482666
Sample 25,Timer,0.444656103849411
Sample 26,Moirai,0.6377912163734436
Sample 26,Time-MoE,0.3622088134288788
Sample 27,TimesFM,0.926467776298523
Sample 27,Timer,0.07353226840496063
Sample 28,Moirai,0.5652509331703186
Sample 28,Chronos,0.4347490668296814
Sample 29,Timer,0.6330667734146118
Sample 29,TimesFM,0.3669331967830658
Sample 30,Timer,0.6582459211349487
Sample 30,TimesFM,0.34175407886505127
Sample 31,Moirai,0.8190281391143799
Sample 31,Time-MoE,0.1809719204902649
Sample 0,Moirai,0.9999336004257202
Sample 0,Timer,6.63856917526573e-05
Sample 1,Chronos,0.5488269925117493
Sample 1,TimesFM,0.45117297768592834
Sample 2,Chronos,0.6043369770050049
Sample 2,Timer,0.39566299319267273
Sample 3,TimesFM,0.6257311701774597
Sample 3,Timer,0.3742688000202179
Sample 4,Timer,0.5660680532455444
Sample 4,Time-MoE,0.4339319169521332
Sample 5,Chronos,0.5315719246864319
Sample 5,TimesFM,0.4684281051158905
Sample 6,Chronos,0.6816380620002747
Sample 6,Time-MoE,0.31836193799972534
Sample 7,Moirai,0.9640939831733704
Sample 7,Time-MoE,0.035905998200178146
Sample 8,Moirai,0.9980734586715698
Sample 8,Time-MoE,0.0019265036098659039
Sample 9,TimesFM,0.5547449588775635
Sample 9,Chronos,0.4452550411224365
Sample 10,Time-MoE,0.8440619111061096
Sample 10,Moirai,0.1559380739927292
Sample 11,Moirai,0.7003626227378845
Sample 11,Chronos,0.2996373474597931
Sample 12,Time-MoE,0.5633962750434875
Sample 12,Timer,0.43660372495651245
Sample 13,TimesFM,0.5659194588661194
Sample 13,Timer,0.434080570936203
Sample 14,Chronos,0.9003080129623413
Sample 14,Time-MoE,0.0996919795870781
Sample 15,TimesFM,0.7745704650878906
Sample 15,Time-MoE,0.22542957961559296
Sample 16,Moirai,0.994563639163971
Sample 16,Chronos,0.005436339881271124
Sample 17,TimesFM,0.5865828990936279
Sample 17,Chronos,0.41341713070869446
Sample 18,Timer,0.7451225519180298
Sample 18,Time-MoE,0.254877507686615
Sample 19,TimesFM,0.800622284412384
Sample 19,Timer,0.19937771558761597
Sample 20,TimesFM,0.5824699997901917
Sample 20,Chronos,0.4175300598144531
Sample 21,TimesFM,0.5730528235435486
Sample 21,Timer,0.4269471764564514
Sample 22,Chronos,0.5460269451141357
Sample 22,Timer,0.45397305488586426
Sample 23,Moirai,0.8997276425361633
Sample 23,TimesFM,0.10027232021093369
Sample 24,Moirai,0.9999645948410034
Sample 24,Timer,3.537035081535578e-05
Sample 25,Chronos,0.5241484045982361
Sample 25,TimesFM,0.4758516252040863
Sample 26,Moirai,0.6157283186912537
Sample 26,Timer,0.38427168130874634
Sample 27,Chronos,0.5824270844459534
Sample 27,Timer,0.41757291555404663
Sample 28,Moirai,0.7638182044029236
Sample 28,Time-MoE,0.2361818104982376
Sample 29,Time-MoE,0.5209071636199951
Sample 29,TimesFM,0.4790928363800049
Sample 30,Chronos,0.6638354063034058
Sample 30,TimesFM,0.33616453409194946
Sample 31,Moirai,0.919424831867218
Sample 31,Time-MoE,0.08057519793510437
Sample 0,Moirai,0.9984717965126038
Sample 0,Time-MoE,0.0015282218810170889
Sample 1,TimesFM,0.5482247471809387
Sample 1,Chronos,0.4517752528190613
Sample 2,Time-MoE,0.6907135844230652
Sample 2,Timer,0.3092864453792572
Sample 3,TimesFM,0.5123395919799805
Sample 3,Chronos,0.4876604378223419
Sample 4,Time-MoE,0.6466313004493713
Sample 4,Moirai,0.35336875915527344
Sample 5,TimesFM,0.6560534834861755
Sample 5,Timer,0.34394657611846924
Sample 6,Time-MoE,0.8971112370491028
Sample 6,Chronos,0.10288874059915543
Sample 7,Moirai,0.6922597289085388
Sample 7,Time-MoE,0.3077402412891388
Sample 8,Moirai,0.9986419081687927
Sample 8,Time-MoE,0.0013581314124166965
Sample 9,Chronos,0.5390034914016724
Sample 9,TimesFM,0.4609965682029724
Sample 10,Timer,0.6825658679008484
Sample 10,Time-MoE,0.317434161901474
Sample 11,Chronos,0.6334025263786316
Sample 11,Moirai,0.366597443819046
Sample 12,Time-MoE,0.6826256513595581
Sample 12,TimesFM,0.3173743188381195
Sample 13,TimesFM,0.6319857239723206
Sample 13,Chronos,0.36801424622535706
Sample 14,Time-MoE,0.846909761428833
Sample 14,TimesFM,0.15309029817581177
Sample 15,Time-MoE,0.5516537427902222
Sample 15,Moirai,0.4483462870121002
Sample 16,Moirai,0.9989804625511169
Sample 16,Time-MoE,0.0010194678325206041
Sample 17,Chronos,0.5004409551620483
Sample 17,Timer,0.49955907464027405
Sample 18,Moirai,0.7403874397277832
Sample 18,Time-MoE,0.2596125602722168
Sample 19,TimesFM,0.5811158418655396
Sample 19,Timer,0.4188842177391052
Sample 20,Chronos,0.6459207534790039
Sample 20,Timer,0.3540791869163513
Sample 21,TimesFM,0.6189994215965271
Sample 21,Moirai,0.3810005486011505
Sample 22,Chronos,0.5013169646263123
Sample 22,Timer,0.49868300557136536
Sample 23,Chronos,0.6301705241203308
Sample 23,Moirai,0.36982953548431396
Sample 24,Moirai,0.9984133243560791
Sample 24,Chronos,0.0015866524772718549
Sample 25,Chronos,0.5748941898345947
Sample 25,TimesFM,0.4251057505607605
Sample 26,Moirai,0.7851499319076538
Sample 26,Time-MoE,0.214850053191185
Sample 27,Timer,0.5174297094345093
Sample 27,TimesFM,0.4825702905654907
Sample 28,Time-MoE,0.6043530702590942
Sample 28,TimesFM,0.3956468999385834
Sample 29,Timer,0.5481681227684021
Sample 29,Chronos,0.4518318474292755
Sample 30,Chronos,0.5014257431030273
Sample 30,TimesFM,0.49857422709465027
Sample 31,TimesFM,0.6051801443099976
Sample 31,Time-MoE,0.39481988549232483
Sample 0,Moirai,0.9587493538856506
Sample 0,Timer,0.04125063493847847
Sample 1,TimesFM,0.6594644784927368
Sample 1,Chronos,0.3405354917049408
Sample 2,Timer,0.6595467329025269
Sample 2,Time-MoE,0.34045326709747314
Sample 3,Chronos,0.5361555814743042
Sample 3,TimesFM,0.4638444185256958
Sample 4,TimesFM,0.6894807815551758
Sample 4,Chronos,0.3105192184448242
Sample 5,TimesFM,0.602356493473053
Sample 5,Timer,0.3976435363292694
Sample 6,Timer,0.6975960731506348
Sample 6,Chronos,0.30240389704704285
Sample 7,Time-MoE,0.6230645179748535
Sample 7,Moirai,0.37693551182746887
Sample 8,Moirai,0.9999634027481079
Sample 8,Timer,3.6579072911990806e-05
Sample 9,TimesFM,0.5770195722579956
Sample 9,Chronos,0.4229804575443268
Sample 10,Time-MoE,0.5620462894439697
Sample 10,Chronos,0.43795377016067505
Sample 11,TimesFM,0.6989782452583313
Sample 11,Timer,0.3010217249393463
Sample 12,Time-MoE,0.5340616703033447
Sample 12,TimesFM,0.4659382998943329
Sample 13,TimesFM,0.6389387845993042
Sample 13,Chronos,0.3610612750053406
Sample 14,Timer,0.5705530047416687
Sample 14,Time-MoE,0.4294469654560089
Sample 15,Moirai,0.9375834465026855
Sample 15,Time-MoE,0.06241648271679878
Sample 0,Moirai,0.9970288872718811
Sample 0,Time-MoE,0.002971185138449073
Sample 1,Chronos,0.556522786617279
Sample 1,Timer,0.44347718358039856
Sample 2,Time-MoE,0.644131600856781
Sample 2,Timer,0.3558683693408966
Sample 3,TimesFM,0.692474901676178
Sample 3,Timer,0.307525098323822
Sample 4,Timer,0.5704107880592346
Sample 4,Time-MoE,0.429589182138443
Sample 5,Chronos,0.7304278016090393
Sample 5,Timer,0.26957225799560547
Sample 6,Timer,0.6413946151733398
Sample 6,Chronos,0.3586053252220154
Sample 7,Moirai,0.7255165576934814
Sample 7,Time-MoE,0.27448344230651855
Sample 8,Moirai,0.9996520280838013
Sample 8,Time-MoE,0.0003479922888800502
Sample 9,Chronos,0.5200665593147278
Sample 9,TimesFM,0.47993341088294983
Sample 10,Timer,0.7065768837928772
Sample 10,Chronos,0.2934231460094452
Sample 11,Timer,0.5829208493232727
Sample 11,TimesFM,0.4170791208744049
Sample 12,Moirai,0.7149436473846436
Sample 12,Timer,0.28505638241767883
Sample 13,TimesFM,0.620521068572998
Sample 13,Timer,0.37947896122932434
Sample 14,Timer,0.5670090317726135
Sample 14,Time-MoE,0.43299102783203125
Sample 15,Moirai,0.8889864683151245
Sample 15,Time-MoE,0.11101346462965012
Sample 16,Moirai,0.8735301494598389
Sample 16,Time-MoE,0.12646982073783875
Sample 17,Chronos,0.5165401697158813
Sample 17,Moirai,0.48345980048179626
Sample 18,TimesFM,0.6016908884048462
Sample 18,Time-MoE,0.3983091115951538
Sample 19,Chronos,0.5697291493415833
Sample 19,Timer,0.43027088046073914
Sample 20,Chronos,0.6104329228401184
Sample 20,Timer,0.389567106962204
Sample 21,TimesFM,0.5255772471427917
Sample 21,Chronos,0.47442275285720825
Sample 22,Chronos,0.7851545214653015
Sample 22,Time-MoE,0.21484552323818207
Sample 23,Time-MoE,0.5039111971855164
Sample 23,Timer,0.49608874320983887
Sample 24,Moirai,0.8926774859428406
Sample 24,Time-MoE,0.1073225885629654
Sample 25,Chronos,0.5459058284759521
Sample 25,TimesFM,0.45409417152404785
Sample 26,Moirai,0.8159669637680054
Sample 26,Chronos,0.18403300642967224
Sample 27,Moirai,0.7828578948974609
Sample 27,TimesFM,0.21714209020137787
Sample 28,Time-MoE,0.8921756744384766
Sample 28,Timer,0.10782425850629807
Sample 29,Chronos,0.5097600221633911
Sample 29,Timer,0.4902399480342865
Sample 30,Timer,0.5890902876853943
Sample 30,TimesFM,0.4109096825122833
Sample 31,Moirai,0.800771951675415
Sample 31,Chronos,0.19922810792922974
Sample 0,Moirai,0.9993284940719604
Sample 0,Chronos,0.0006715184426866472
Sample 1,Moirai,0.6647027134895325
Sample 1,Timer,0.33529728651046753
Sample 2,Timer,0.7032107710838318
Sample 2,Time-MoE,0.2967891991138458
Sample 3,Chronos,0.6242477893829346
Sample 3,Timer,0.37575218081474304
Sample 4,TimesFM,0.6335792541503906
Sample 4,Chronos,0.36642080545425415
Sample 5,Timer,0.633141815662384
Sample 5,TimesFM,0.36685818433761597
Sample 6,Timer,0.5548442602157593
Sample 6,Chronos,0.44515570998191833
Sample 7,Moirai,0.6663671731948853
Sample 7,Time-MoE,0.33363279700279236
Sample 8,Moirai,0.9975215792655945
Sample 8,Time-MoE,0.002478347858414054
Sample 9,Timer,0.6161853671073914
Sample 9,Moirai,0.38381466269493103
Sample 10,Timer,0.7728338837623596
Sample 10,Chronos,0.227166086435318
Sample 11,Timer,0.5360816717147827
Sample 11,TimesFM,0.4639183580875397
Sample 12,Timer,0.5250054001808167
Sample 12,Chronos,0.47499459981918335
Sample 13,Moirai,0.605810821056366
Sample 13,TimesFM,0.3941892087459564
Sample 14,Chronos,0.7611313462257385
Sample 14,TimesFM,0.2388686239719391
Sample 15,Moirai,0.7171621322631836
Sample 15,Time-MoE,0.2828378677368164
Sample 16,Moirai,0.9997351765632629
Sample 16,Time-MoE,0.0002647949440870434
Sample 17,Moirai,0.6150420904159546
Sample 17,Timer,0.3849579393863678
Sample 18,Time-MoE,0.5607489943504333
Sample 18,TimesFM,0.43925097584724426
Sample 19,Chronos,0.6065772771835327
Sample 19,TimesFM,0.3934226930141449
Sample 20,Chronos,0.503851056098938
Sample 20,Timer,0.4961489140987396
Sample 21,Chronos,0.5983914732933044
Sample 21,Timer,0.40160855650901794
Sample 22,Chronos,0.5993725657463074
Sample 22,Timer,0.4006274342536926
Sample 23,Time-MoE,0.7183756232261658
Sample 23,Chronos,0.28162434697151184
Sample 24,Moirai,0.995353102684021
Sample 24,Timer,0.004646876361221075
Sample 25,Chronos,0.7177479863166809
Sample 25,Timer,0.2822520136833191
Sample 26,Timer,0.6286566257476807
Sample 26,Chronos,0.3713434040546417
Sample 27,TimesFM,0.5646652579307556
Sample 27,Timer,0.4353347420692444
Sample 28,Time-MoE,0.893155574798584
Sample 28,TimesFM,0.10684448480606079
Sample 29,TimesFM,0.6187465190887451
Sample 29,Timer,0.38125351071357727
Sample 30,Chronos,0.6375254392623901
Sample 30,Timer,0.36247456073760986
Sample 31,Time-MoE,0.6035334467887878
Sample 31,Moirai,0.39646655321121216
Sample 0,Moirai,0.971595823764801
Sample 0,Time-MoE,0.028404122218489647
Sample 1,TimesFM,0.6037982106208801
Sample 1,Timer,0.39620184898376465
Sample 2,TimesFM,0.7029045820236206
Sample 2,Chronos,0.2970954477787018
Sample 3,TimesFM,0.5648733973503113
Sample 3,Chronos,0.4351266026496887
Sample 4,Moirai,0.936582624912262
Sample 4,Time-MoE,0.06341741979122162
Sample 5,Timer,0.6803833246231079
Sample 5,Time-MoE,0.3196166157722473
Sample 6,Timer,0.5698856711387634
Sample 6,Chronos,0.43011435866355896
Sample 7,Moirai,0.8545016646385193
Sample 7,Time-MoE,0.14549829065799713
Sample 8,Moirai,0.9859382510185242
Sample 8,Time-MoE,0.014061810448765755
Sample 9,TimesFM,0.7476715445518494
Sample 9,Chronos,0.25232842564582825
Sample 10,Chronos,0.8202464580535889
Sample 10,Timer,0.17975358664989471
Sample 11,Chronos,0.7262300848960876
Sample 11,Time-MoE,0.27376994490623474
Sample 12,Time-MoE,0.8708117604255676
Sample 12,Chronos,0.12918822467327118
Sample 13,TimesFM,0.513745903968811
Sample 13,Timer,0.4862540662288666
Sample 14,Chronos,0.6919489502906799
Sample 14,Timer,0.30805104970932007
Sample 15,Moirai,0.6832113265991211
Sample 15,Chronos,0.3167886435985565
Sample 16,Moirai,0.9346377849578857
Sample 16,Chronos,0.06536214053630829
Sample 17,Timer,0.6380024552345276
Sample 17,Chronos,0.3619975447654724
Sample 18,Time-MoE,0.8295974135398865
Sample 18,TimesFM,0.17040252685546875
Sample 19,Moirai,0.9257445335388184
Sample 19,Chronos,0.07425543665885925
Sample 20,Time-MoE,0.7802136540412903
Sample 20,Chronos,0.2197864055633545
Sample 21,TimesFM,0.7379375696182251
Sample 21,Moirai,0.2620624005794525
Sample 22,Chronos,0.7686161994934082
Sample 22,Timer,0.23138383030891418
Sample 23,Chronos,0.5279972553253174
Sample 23,Timer,0.47200271487236023
Sample 24,Moirai,0.9940013289451599
Sample 24,Time-MoE,0.005998703651130199
Sample 25,Timer,0.6918520927429199
Sample 25,Chronos,0.3081478774547577
Sample 26,Chronos,0.5044602155685425
Sample 26,Time-MoE,0.4955397844314575
Sample 27,Timer,0.6569546461105347
Sample 27,TimesFM,0.34304529428482056
Sample 28,Time-MoE,0.7403204441070557
Sample 28,Timer,0.25967952609062195
Sample 29,TimesFM,0.5552442669868469
Sample 29,Chronos,0.44475579261779785
Sample 30,Timer,0.7170255184173584
Sample 30,TimesFM,0.2829744815826416
Sample 31,Time-MoE,0.714106559753418
Sample 31,Moirai,0.2858934700489044
Sample 0,Moirai,0.9973031282424927
Sample 0,Time-MoE,0.0026968391612172127
Sample 1,Moirai,0.7051845788955688
Sample 1,TimesFM,0.29481542110443115
Sample 2,Moirai,0.8196176290512085
Sample 2,Chronos,0.18038232624530792
Sample 3,TimesFM,0.6322891712188721
Sample 3,Chronos,0.3677108585834503
Sample 4,Timer,0.5454012155532837
Sample 4,Chronos,0.4545988142490387
Sample 5,Moirai,0.9575995802879333
Sample 5,Timer,0.04240040108561516
Sample 6,Moirai,0.5204753875732422
Sample 6,Chronos,0.4795246124267578
Sample 7,Moirai,0.66708904504776
Sample 7,Chronos,0.33291095495224
Sample 8,Moirai,0.9998388290405273
Sample 8,Timer,0.0001611159968888387
Sample 9,TimesFM,0.5767609477043152
Sample 9,Chronos,0.4232390522956848
Sample 10,Chronos,0.6098191738128662
Sample 10,Timer,0.3901808559894562
Sample 11,Chronos,0.5049623847007751
Sample 11,Timer,0.49503764510154724
Sample 12,Moirai,0.6456221342086792
Sample 12,Chronos,0.3543778359889984
Sample 13,Timer,0.7752030491828918
Sample 13,TimesFM,0.22479696571826935
Sample 14,Chronos,0.893648624420166
Sample 14,Timer,0.10635142773389816
Sample 15,Moirai,0.8725311756134033
Sample 15,Time-MoE,0.12746883928775787
Sample 16,Moirai,0.9985254406929016
Sample 16,Time-MoE,0.001474618329666555
Sample 17,Chronos,0.5807807445526123
Sample 17,Timer,0.4192192852497101
Sample 18,Time-MoE,0.5501729249954224
Sample 18,Moirai,0.44982704520225525
Sample 19,Timer,0.6729829907417297
Sample 19,TimesFM,0.3270169496536255
Sample 20,Time-MoE,0.8459770083427429
Sample 20,Timer,0.15402303636074066
Sample 21,Timer,0.665799617767334
Sample 21,Time-MoE,0.33420032262802124
Sample 22,Timer,0.7175326347351074
Sample 22,Chronos,0.28246739506721497
Sample 23,Time-MoE,0.5183766484260559
Sample 23,Moirai,0.48162341117858887
Sample 24,Moirai,0.9746336936950684
Sample 24,Time-MoE,0.025366337969899178
Sample 25,Chronos,0.7195099592208862
Sample 25,Timer,0.28049010038375854
Sample 26,Moirai,0.7973843812942505
Sample 26,Chronos,0.20261557400226593
Sample 27,TimesFM,0.7968126535415649
Sample 27,Chronos,0.20318737626075745
Sample 28,Moirai,0.8993453979492188
Sample 28,Time-MoE,0.10065466165542603
Sample 29,TimesFM,0.5605398416519165
Sample 29,Timer,0.4394601285457611
Sample 30,Timer,0.692179262638092
Sample 30,Chronos,0.3078206777572632
Sample 31,Moirai,0.5161342024803162
Sample 31,Time-MoE,0.48386579751968384
Sample 0,Moirai,0.9998729228973389
Sample 0,Chronos,0.0001270323700737208
Sample 1,Timer,0.592578113079071
Sample 1,Chronos,0.40742188692092896
Sample 2,Timer,0.6802576184272766
Sample 2,TimesFM,0.3197423219680786
Sample 3,TimesFM,0.6069990396499634
Sample 3,Timer,0.393000990152359
Sample 4,Moirai,0.6478791236877441
Sample 4,Timer,0.35212090611457825
Sample 5,TimesFM,0.5891126990318298
Sample 5,Timer,0.41088733077049255
Sample 6,Chronos,0.603850245475769
Sample 6,Timer,0.39614975452423096
Sample 7,Moirai,0.670052707195282
Sample 7,Timer,0.3299473524093628
Sample 8,Moirai,0.9979122281074524
Sample 8,Time-MoE,0.002087702974677086
Sample 9,Chronos,0.5776249766349792
Sample 9,Timer,0.42237505316734314
Sample 10,Time-MoE,0.8997989892959595
Sample 10,Timer,0.10020104050636292
Sample 11,Moirai,0.8533042669296265
Sample 11,TimesFM,0.14669570326805115
Sample 12,Timer,0.686526894569397
Sample 12,Time-MoE,0.3134731352329254
Sample 13,TimesFM,0.7026348114013672
Sample 13,Chronos,0.2973652482032776
Sample 14,Time-MoE,0.6343219876289368
Sample 14,Timer,0.36567801237106323
Sample 15,TimesFM,0.7009465098381042
Sample 15,Time-MoE,0.29905351996421814
Sample 16,Moirai,0.9986323714256287
Sample 16,TimesFM,0.0013676390517503023
Sample 17,Timer,0.5931340456008911
Sample 17,Chronos,0.4068659543991089
Sample 18,Timer,0.7679312229156494
Sample 18,Time-MoE,0.23206880688667297
Sample 19,TimesFM,0.6201955676078796
Sample 19,Chronos,0.3798043727874756
Sample 20,Time-MoE,0.8595259785652161
Sample 20,Moirai,0.1404740810394287
Sample 21,Timer,0.5507104992866516
Sample 21,TimesFM,0.4492895007133484
Sample 22,Timer,0.7777172923088074
Sample 22,TimesFM,0.2222827523946762
Sample 23,Time-MoE,0.7645838260650635
Sample 23,Moirai,0.23541614413261414
Sample 24,Moirai,0.9981339573860168
Sample 24,Timer,0.0018661132780835032
Sample 25,Chronos,0.5748170614242554
Sample 25,Timer,0.425182968378067
Sample 26,Moirai,0.8253226280212402
Sample 26,TimesFM,0.17467734217643738
Sample 27,TimesFM,0.7937947511672974
Sample 27,Moirai,0.20620524883270264
Sample 28,Moirai,0.6559081673622131
Sample 28,Time-MoE,0.3440917730331421
Sample 29,Chronos,0.5135893225669861
Sample 29,Timer,0.4864107370376587
Sample 30,Timer,0.701893150806427
Sample 30,Chronos,0.2981068193912506
Sample 31,Moirai,0.8642998933792114
Sample 31,Time-MoE,0.13570012152194977
Sample 0,Moirai,0.9911282062530518
Sample 0,Time-MoE,0.008871804922819138
Sample 1,Timer,0.5162936449050903
Sample 1,Moirai,0.4837063252925873
Sample 2,Time-MoE,0.834667444229126
Sample 2,Timer,0.16533254086971283
Sample 3,Moirai,0.5510075688362122
Sample 3,Timer,0.44899237155914307
Sample 4,Time-MoE,0.6230747103691101
Sample 4,Chronos,0.37692534923553467
Sample 5,Chronos,0.5649977326393127
Sample 5,TimesFM,0.43500226736068726
Sample 6,Timer,0.5537871718406677
Sample 6,Chronos,0.4462128281593323
Sample 7,Moirai,0.8332710266113281
Sample 7,Timer,0.1667289137840271
Sample 8,Moirai,0.9765791893005371
Sample 8,Time-MoE,0.023420868441462517
Sample 9,TimesFM,0.680718719959259
Sample 9,Chronos,0.31928128004074097
Sample 10,Timer,0.6891652941703796
Sample 10,Moirai,0.31083473563194275
Sample 11,Chronos,0.7942713499069214
Sample 11,Moirai,0.2057286649942398
Sample 12,TimesFM,0.5700926780700684
Sample 12,Timer,0.42990729212760925
Sample 13,TimesFM,0.6858927607536316
Sample 13,Chronos,0.31410717964172363
Sample 14,Time-MoE,0.5965853333473206
Sample 14,Chronos,0.40341460704803467
Sample 15,Moirai,0.7917483448982239
Sample 15,Time-MoE,0.20825161039829254
Sample 16,Moirai,0.9938663840293884
Sample 16,Time-MoE,0.006133634131401777
Sample 17,Timer,0.5219735503196716
Sample 17,Chronos,0.478026419878006
Sample 18,Moirai,0.8577091097831726
Sample 18,Time-MoE,0.1422908753156662
Sample 19,TimesFM,0.7031948566436768
Sample 19,Chronos,0.29680514335632324
Sample 20,Timer,0.5444567799568176
Sample 20,TimesFM,0.45554319024086
Sample 21,TimesFM,0.6633448004722595
Sample 21,Moirai,0.33665522933006287
Sample 22,Timer,0.5800169110298157
Sample 22,Time-MoE,0.41998305916786194
Sample 23,Moirai,0.6645609140396118
Sample 23,Chronos,0.33543911576271057
Sample 24,Moirai,0.9974502921104431
Sample 24,Chronos,0.0025496436282992363
Sample 25,Chronos,0.5648457407951355
Sample 25,Timer,0.4351542890071869
Sample 26,Moirai,0.5850261449813843
Sample 26,Time-MoE,0.4149738550186157
Sample 27,Chronos,0.5691961050033569
Sample 27,Timer,0.43080389499664307
Sample 28,Time-MoE,0.7982681393623352
Sample 28,TimesFM,0.201731875538826
Sample 29,Chronos,0.5508751273155212
Sample 29,Timer,0.44912487268447876
Sample 30,Time-MoE,0.7553497552871704
Sample 30,Timer,0.24465017020702362
Sample 31,Time-MoE,0.7143747210502625
Sample 31,TimesFM,0.28562524914741516
Sample 0,Moirai,0.974586009979248
Sample 0,Chronos,0.025414008647203445
Sample 1,TimesFM,0.6343490481376648
Sample 1,Timer,0.36565089225769043
Sample 2,Time-MoE,0.840637743473053
Sample 2,Moirai,0.15936224162578583
Sample 3,Chronos,0.5423763394355774
Sample 3,Timer,0.4576237201690674
Sample 4,Chronos,0.6158784627914429
Sample 4,TimesFM,0.38412150740623474
Sample 5,TimesFM,0.6300792694091797
Sample 5,Moirai,0.3699207007884979
Sample 6,Chronos,0.6049144268035889
Sample 6,Timer,0.39508557319641113
Sample 7,Timer,0.6760148406028748
Sample 7,Moirai,0.32398512959480286
Sample 8,Moirai,0.9914404153823853
Sample 8,Chronos,0.008559596724808216
Sample 9,Chronos,0.5033059120178223
Sample 9,TimesFM,0.49669408798217773
Sample 10,Time-MoE,0.5232701301574707
Sample 10,Chronos,0.4767298996448517
Sample 11,Chronos,0.587462306022644
Sample 11,TimesFM,0.41253772377967834
Sample 12,Time-MoE,0.584463357925415
Sample 12,Moirai,0.41553664207458496
Sample 13,Timer,0.636023998260498
Sample 13,Moirai,0.36397597193717957
Sample 14,Timer,0.5669243931770325
Sample 14,Chronos,0.43307560682296753
Sample 15,Time-MoE,0.5523247122764587
Sample 15,Moirai,0.44767531752586365
Sample 0,Moirai,0.9998354911804199
Sample 0,Timer,0.00016450499242637306
Sample 1,Chronos,0.5263436436653137
Sample 1,Timer,0.4736563563346863
Sample 2,Time-MoE,0.6191310286521912
Sample 2,Chronos,0.38086897134780884
Sample 3,Timer,0.5038037300109863
Sample 3,Chronos,0.49619626998901367
Sample 4,Time-MoE,0.7724512815475464
Sample 4,Timer,0.22754864394664764
Sample 5,Chronos,0.7088788151741028
Sample 5,Timer,0.29112115502357483
Sample 6,Timer,0.5621219873428345
Sample 6,Chronos,0.43787798285484314
Sample 7,Moirai,0.782211184501648
Sample 7,Time-MoE,0.21778883039951324
Sample 8,Moirai,0.9999291896820068
Sample 8,Chronos,7.07841754774563e-05
Sample 9,Chronos,0.5286822319030762
Sample 9,TimesFM,0.4713177978992462
Sample 10,Timer,0.7646952867507935
Sample 10,Moirai,0.23530469834804535
Sample 11,TimesFM,0.8424357771873474
Sample 11,Timer,0.15756425261497498
Sample 12,Moirai,0.6627957820892334
Sample 12,Time-MoE,0.3372042179107666
Sample 13,Timer,0.5511454343795776
Sample 13,Chronos,0.4488545358181
Sample 14,Timer,0.6678983569145203
Sample 14,Time-MoE,0.33210164308547974
Sample 15,Moirai,0.8781576752662659
Sample 15,Time-MoE,0.12184232473373413
Sample 16,Moirai,0.9995317459106445
Sample 16,Time-MoE,0.00046832094085402787
Sample 17,TimesFM,0.6275537014007568
Sample 17,Moirai,0.37244632840156555
Sample 18,Timer,0.6682283282279968
Sample 18,Time-MoE,0.33177173137664795
Sample 19,Timer,0.5116860270500183
Sample 19,TimesFM,0.4883140027523041
Sample 20,Moirai,0.552294135093689
Sample 20,Time-MoE,0.4477058947086334
Sample 21,TimesFM,0.7382103800773621
Sample 21,Moirai,0.2617896497249603
Sample 22,Timer,0.551326334476471
Sample 22,Chronos,0.4486736059188843
Sample 23,Chronos,0.660841166973114
Sample 23,Moirai,0.3391588032245636
Sample 24,Moirai,0.9968863129615784
Sample 24,Time-MoE,0.003113653976470232
Sample 25,Timer,0.5129973888397217
Sample 25,TimesFM,0.48700258135795593
Sample 26,Moirai,0.8836951851844788
Sample 26,Timer,0.11630486696958542
Sample 27,Chronos,0.6270685195922852
Sample 27,Moirai,0.37293151021003723
Sample 28,Time-MoE,0.722507655620575
Sample 28,TimesFM,0.27749234437942505
Sample 29,Chronos,0.6406462788581848
Sample 29,Timer,0.3593537509441376
Sample 30,Timer,0.7306391000747681
Sample 30,TimesFM,0.26936087012290955
Sample 31,Moirai,0.5837292075157166
Sample 31,Time-MoE,0.41627082228660583
Sample 0,Moirai,0.9984850287437439
Sample 0,Time-MoE,0.0015150360995903611
Sample 1,Moirai,0.62617027759552
Sample 1,Timer,0.37382972240448
Sample 2,Chronos,0.6918905377388
Sample 2,Time-MoE,0.30810946226119995
Sample 3,TimesFM,0.8241857886314392
Sample 3,Timer,0.17581425607204437
Sample 4,TimesFM,0.8981828093528748
Sample 4,Time-MoE,0.10181714594364166
Sample 5,TimesFM,0.7320435047149658
Sample 5,Timer,0.26795652508735657
Sample 6,Chronos,0.5611089468002319
Sample 6,Timer,0.43889105319976807
Sample 7,Time-MoE,0.799643874168396
Sample 7,Chronos,0.20035608112812042
Sample 8,Moirai,0.9913204312324524
Sample 8,Timer,0.008679620921611786
Sample 9,Timer,0.5474138259887695
Sample 9,Moirai,0.4525861144065857
Sample 10,Timer,0.8715915083885193
Sample 10,Time-MoE,0.1284085512161255
Sample 11,Chronos,0.585895836353302
Sample 11,Time-MoE,0.4141041338443756
Sample 12,Timer,0.7123028039932251
Sample 12,Time-MoE,0.2876971662044525
Sample 13,Moirai,0.6533178091049194
Sample 13,TimesFM,0.34668219089508057
Sample 14,Chronos,0.8216451406478882
Sample 14,Timer,0.1783549040555954
Sample 15,Moirai,0.9677420854568481
Sample 15,Time-MoE,0.032257892191410065
Sample 16,Moirai,0.9992965459823608
Sample 16,Time-MoE,0.0007034625159576535
Sample 17,TimesFM,0.5528849959373474
Sample 17,Moirai,0.4471149444580078
Sample 18,Time-MoE,0.6631879210472107
Sample 18,Chronos,0.3368120491504669
Sample 19,TimesFM,0.5167249441146851
Sample 19,Chronos,0.48327508568763733
Sample 20,Timer,0.6013106107711792
Sample 20,Chronos,0.398689329624176
Sample 21,TimesFM,0.6793409585952759
Sample 21,Timer,0.3206590414047241
Sample 22,Chronos,0.5255308747291565
Sample 22,Time-MoE,0.4744691550731659
Sample 23,Time-MoE,0.7345526814460754
Sample 23,Timer,0.26544731855392456
Sample 24,Moirai,0.9945249557495117
Sample 24,Timer,0.005475082900375128
Sample 25,TimesFM,0.6078291535377502
Sample 25,Chronos,0.392170786857605
Sample 26,Timer,0.9388822913169861
Sample 26,Time-MoE,0.06111770123243332
Sample 27,TimesFM,0.5656226277351379
Sample 27,Timer,0.43437740206718445
Sample 28,Moirai,0.6180533170700073
Sample 28,Time-MoE,0.3819466233253479
Sample 29,TimesFM,0.5888447165489197
Sample 29,Timer,0.4111552834510803
Sample 30,Timer,0.5037126541137695
Sample 30,Chronos,0.49628737568855286
Sample 31,Moirai,0.8040513396263123
Sample 31,Time-MoE,0.19594871997833252
Sample 0,Moirai,0.9154381155967712
Sample 0,Time-MoE,0.08456183969974518
Sample 1,Moirai,0.6839816570281982
Sample 1,Chronos,0.31601840257644653
Sample 2,Moirai,0.525509238243103
Sample 2,TimesFM,0.47449082136154175
Sample 3,TimesFM,0.7214558720588684
Sample 3,Timer,0.2785441279411316
Sample 4,Moirai,0.9364434480667114
Sample 4,Time-MoE,0.06355659663677216
Sample 5,Timer,0.7079159021377563
Sample 5,Time-MoE,0.29208406805992126
Sample 6,Timer,0.6345905661582947
Sample 6,Chronos,0.3654094636440277
Sample 7,Moirai,0.9253569841384888
Sample 7,Time-MoE,0.074643075466156
Sample 8,Moirai,0.9990689158439636
Sample 8,Time-MoE,0.0009311240282841027
Sample 9,Chronos,0.7212978601455688
Sample 9,TimesFM,0.2787021994590759
Sample 10,Chronos,0.8432047963142395
Sample 10,TimesFM,0.15679515898227692
Sample 11,TimesFM,0.8047412037849426
Sample 11,Timer,0.1952587366104126
Sample 12,Time-MoE,0.862869381904602
Sample 12,TimesFM,0.13713061809539795
Sample 13,TimesFM,0.690159797668457
Sample 13,Chronos,0.3098401725292206
Sample 14,Time-MoE,0.6739223599433899
Sample 14,Timer,0.3260776996612549
Sample 15,Moirai,0.63531094789505
Sample 15,Timer,0.3646889925003052
Sample 16,Moirai,0.9465854167938232
Sample 16,TimesFM,0.05341460183262825
Sample 17,TimesFM,0.6387881636619568
Sample 17,Chronos,0.3612118363380432
Sample 18,TimesFM,0.6568160653114319
Sample 18,Chronos,0.3431839644908905
Sample 19,Moirai,0.938755989074707
Sample 19,Chronos,0.06124403700232506
Sample 20,Time-MoE,0.614014744758606
Sample 20,TimesFM,0.38598522543907166
Sample 21,TimesFM,0.5788405537605286
Sample 21,Timer,0.4211595058441162
Sample 22,Chronos,0.8265019655227661
Sample 22,Timer,0.1734980344772339
Sample 23,Chronos,0.7574390769004822
Sample 23,Time-MoE,0.24256092309951782
Sample 24,Moirai,0.8346507549285889
Sample 24,Timer,0.16534928977489471
Sample 25,TimesFM,0.5721317529678345
Sample 25,Chronos,0.4278683066368103
Sample 26,Chronos,0.5347051024436951
Sample 26,Time-MoE,0.46529489755630493
Sample 27,TimesFM,0.694450318813324
Sample 27,Timer,0.30554965138435364
Sample 28,Time-MoE,0.8023273944854736
Sample 28,Chronos,0.19767259061336517
Sample 29,Chronos,0.5241069793701172
Sample 29,Timer,0.4758930504322052
Sample 30,Timer,0.6669161915779114
Sample 30,Chronos,0.3330838084220886
Sample 31,Time-MoE,0.6668174266815186
Sample 31,Timer,0.33318254351615906
Sample 0,Moirai,0.9996732473373413
Sample 0,Timer,0.0003268038562964648
Sample 1,Chronos,0.5349818468093872
Sample 1,Moirai,0.4650181829929352
Sample 2,Moirai,0.6619777083396912
Sample 2,TimesFM,0.3380223214626312
Sample 3,TimesFM,0.7083808779716492
Sample 3,Chronos,0.29161909222602844
Sample 4,Chronos,0.500190258026123
Sample 4,Timer,0.49980971217155457
Sample 5,Moirai,0.8213714957237244
Sample 5,TimesFM,0.17862848937511444
Sample 6,Time-MoE,0.5486100912094116
Sample 6,Moirai,0.451389878988266
Sample 7,Moirai,0.7293683290481567
Sample 7,Timer,0.27063167095184326
Sample 8,Moirai,0.9998607635498047
Sample 8,Timer,0.00013922684593126178
Sample 9,TimesFM,0.5860861539840698
Sample 9,Timer,0.4139138162136078
Sample 10,Timer,0.5476040840148926
Sample 10,TimesFM,0.45239588618278503
Sample 11,TimesFM,0.7859230637550354
Sample 11,Timer,0.2140769064426422
Sample 12,Moirai,0.7983605861663818
Sample 12,Chronos,0.20163936913013458
Sample 13,TimesFM,0.5819040536880493
Sample 13,Timer,0.41809597611427307
Sample 14,Timer,0.659673810005188
Sample 14,Chronos,0.340326189994812
Sample 15,Moirai,0.6685301661491394
Sample 15,TimesFM,0.331469863653183
Sample 16,Moirai,0.9994623064994812
Sample 16,Chronos,0.0005376744084060192
Sample 17,Chronos,0.5646435022354126
Sample 17,TimesFM,0.435356467962265
Sample 18,Chronos,0.6405201554298401
Sample 18,Moirai,0.3594798743724823
Sample 19,TimesFM,0.7270381450653076
Sample 19,Time-MoE,0.27296191453933716
Sample 20,Time-MoE,0.5843561887741089
Sample 20,Timer,0.4156438112258911
Sample 21,Timer,0.5312374234199524
Sample 21,TimesFM,0.4687625765800476
Sample 22,Timer,0.7335879802703857
Sample 22,Chronos,0.26641201972961426
Sample 23,Timer,0.5256631970405579
Sample 23,Moirai,0.47433677315711975
Sample 24,Moirai,0.9995747208595276
Sample 24,Chronos,0.0004252699436619878
Sample 25,TimesFM,0.6734586358070374
Sample 25,Timer,0.32654139399528503
Sample 26,Time-MoE,0.5687187910079956
Sample 26,Moirai,0.4312812387943268
Sample 27,TimesFM,0.8441315293312073
Sample 27,Chronos,0.15586841106414795
Sample 28,Moirai,0.720052182674408
Sample 28,Time-MoE,0.27994775772094727
Sample 29,Timer,0.5832743644714355
Sample 29,TimesFM,0.41672563552856445
Sample 30,Chronos,0.6541910171508789
Sample 30,Timer,0.3458089828491211
Sample 31,Moirai,0.8406780958175659
Sample 31,Time-MoE,0.1593218892812729
Sample 0,Moirai,0.9998224377632141
Sample 0,Time-MoE,0.00017758012108970433
Sample 1,TimesFM,0.6143431067466736
Sample 1,Moirai,0.38565686345100403
Sample 2,Chronos,0.7390246987342834
Sample 2,TimesFM,0.26097533106803894
Sample 3,TimesFM,0.9041849970817566
Sample 3,Chronos,0.09581504017114639
Sample 4,Time-MoE,0.5419901013374329
Sample 4,Timer,0.4580099582672119
Sample 5,Chronos,0.5934240221977234
Sample 5,TimesFM,0.4065759778022766
Sample 6,Moirai,0.5956361889839172
Sample 6,Chronos,0.404363751411438
Sample 7,Moirai,0.5462983846664429
Sample 7,Chronos,0.45370161533355713
Sample 8,Moirai,0.9990284442901611
Sample 8,Time-MoE,0.0009715812630020082
Sample 9,TimesFM,0.6908705234527588
Sample 9,Chronos,0.30912941694259644
Sample 10,Time-MoE,0.9052854776382446
Sample 10,Chronos,0.09471451491117477
Sample 11,Moirai,0.9525146484375
Sample 11,Chronos,0.04748529568314552
Sample 12,Time-MoE,0.7078514099121094
Sample 12,Timer,0.2921486496925354
Sample 13,TimesFM,0.6094886660575867
Sample 13,Moirai,0.3905113935470581
Sample 14,Timer,0.6835262179374695
Sample 14,Chronos,0.3164737820625305
Sample 15,TimesFM,0.6778467297554016
Sample 15,Time-MoE,0.3221532702445984
Sample 16,Moirai,0.998099148273468
Sample 16,Timer,0.001900924718938768
Sample 17,TimesFM,0.6531599164009094
Sample 17,Timer,0.3468400835990906
Sample 18,Timer,0.8272852301597595
Sample 18,Chronos,0.1727147400379181
Sample 19,Timer,0.6592024564743042
Sample 19,Chronos,0.3407975137233734
Sample 20,Time-MoE,0.8062595129013062
Sample 20,Moirai,0.19374042749404907
Sample 21,Timer,0.5273123979568481
Sample 21,TimesFM,0.47268763184547424
Sample 22,Chronos,0.5483860373497009
Sample 22,Timer,0.4516139626502991
Sample 23,Time-MoE,0.7414687275886536
Sample 23,TimesFM,0.25853127241134644
Sample 24,Moirai,0.9999690055847168
Sample 24,Chronos,3.1025989301269874e-05
Sample 25,Timer,0.612054705619812
Sample 25,TimesFM,0.387945294380188
Sample 26,Timer,0.8696658611297607
Sample 26,Time-MoE,0.13033413887023926
Sample 27,TimesFM,0.7960065007209778
Sample 27,Chronos,0.2039935290813446
Sample 28,Moirai,0.6159573793411255
Sample 28,Time-MoE,0.3840426504611969
Sample 29,TimesFM,0.5039458274841309
Sample 29,Timer,0.49605417251586914
Sample 30,Chronos,0.6512988805770874
Sample 30,Timer,0.3487010896205902
Sample 31,Moirai,0.8381989598274231
Sample 31,Time-MoE,0.1618010699748993
Sample 0,Moirai,0.9963425993919373
Sample 0,Time-MoE,0.003657435765489936
Sample 1,TimesFM,0.675514280796051
Sample 1,Chronos,0.32448574900627136
Sample 2,Moirai,0.6066907048225403
Sample 2,Time-MoE,0.3933093249797821
Sample 3,TimesFM,0.8398040533065796
Sample 3,Timer,0.16019593179225922
Sample 4,Time-MoE,0.7199928760528564
Sample 4,Moirai,0.28000718355178833
Sample 5,Chronos,0.5029595494270325
Sample 5,TimesFM,0.4970404803752899
Sample 6,Time-MoE,0.5376744270324707
Sample 6,Timer,0.4623255431652069
Sample 7,Moirai,0.6860369443893433
Sample 7,Time-MoE,0.31396302580833435
Sample 8,Moirai,0.9977145195007324
Sample 8,Time-MoE,0.002285535214468837
Sample 9,TimesFM,0.6494665741920471
Sample 9,Moirai,0.3505334258079529
Sample 10,TimesFM,0.5709919929504395
Sample 10,Moirai,0.42900803685188293
Sample 11,TimesFM,0.5587471723556519
Sample 11,Chronos,0.44125282764434814
Sample 12,Time-MoE,0.6765892505645752
Sample 12,TimesFM,0.3234107196331024
Sample 13,Chronos,0.7836992144584656
Sample 13,Time-MoE,0.21630078554153442
Sample 14,Time-MoE,0.6140645146369934
Sample 14,Timer,0.3859354257583618
Sample 15,Moirai,0.7747191190719604
Sample 15,Time-MoE,0.22528092563152313
Sample 16,Moirai,0.9976693987846375
Sample 16,Timer,0.00233061914332211
Sample 17,TimesFM,0.778433620929718
Sample 17,Timer,0.2215663343667984
Sample 18,Moirai,0.7201490998268127
Sample 18,Timer,0.27985092997550964
Sample 19,TimesFM,0.5618956685066223
Sample 19,Chronos,0.4381043612957001
Sample 20,TimesFM,0.6722437143325806
Sample 20,Timer,0.32775625586509705
Sample 21,TimesFM,0.8413585424423218
Sample 21,Chronos,0.1586415022611618
Sample 22,Chronos,0.6149357557296753
Sample 22,Timer,0.3850642740726471
Sample 23,Time-MoE,0.6821319460868835
Sample 23,Moirai,0.3178679943084717
Sample 24,Moirai,0.9933716058731079
Sample 24,TimesFM,0.0066283876076340675
Sample 25,TimesFM,0.6059008240699768
Sample 25,Chronos,0.3940991759300232
Sample 26,Timer,0.5010986328125
Sample 26,Chronos,0.4989013373851776
Sample 27,Chronos,0.5249896049499512
Sample 27,TimesFM,0.47501039505004883
Sample 28,Time-MoE,0.5743178129196167
Sample 28,Timer,0.4256821274757385
Sample 29,Chronos,0.6250612139701843
Sample 29,Timer,0.37493881583213806
Sample 30,Timer,0.5902175903320312
Sample 30,Moirai,0.40978243947029114
Sample 31,Time-MoE,0.5698883533477783
Sample 31,TimesFM,0.4301116466522217
Sample 0,Moirai,0.9888007640838623
Sample 0,TimesFM,0.011199265718460083
Sample 1,TimesFM,0.504658043384552
Sample 1,Timer,0.4953418970108032
Sample 2,Timer,0.7117435336112976
Sample 2,TimesFM,0.2882564663887024
Sample 3,Chronos,0.5762575268745422
Sample 3,TimesFM,0.42374247312545776
Sample 4,TimesFM,0.5160931348800659
Sample 4,Chronos,0.4839068055152893
Sample 5,TimesFM,0.7421069741249084
Sample 5,Timer,0.25789299607276917
Sample 6,Chronos,0.7646859288215637
Sample 6,Timer,0.2353140264749527
Sample 7,Time-MoE,0.6225866675376892
Sample 7,Chronos,0.3774133026599884
Sample 8,Moirai,0.9999194145202637
Sample 8,Timer,8.061394328251481e-05
Sample 9,TimesFM,0.8268039226531982
Sample 9,Timer,0.17319603264331818
Sample 10,Time-MoE,0.6245219707489014
Sample 10,Timer,0.37547796964645386
Sample 11,TimesFM,0.881963849067688
Sample 11,Timer,0.11803615093231201
Sample 12,Time-MoE,0.6996747851371765
Sample 12,Timer,0.3003252148628235
Sample 13,TimesFM,0.6192857623100281
Sample 13,Chronos,0.3807142376899719
Sample 14,Timer,0.621469259262085
Sample 14,Chronos,0.3785307705402374
Sample 15,Moirai,0.7541080713272095
Sample 15,Time-MoE,0.24589192867279053
Sample 0,Moirai,0.999940037727356
Sample 0,Timer,5.999362110742368e-05
Sample 1,TimesFM,0.6102241277694702
Sample 1,Chronos,0.38977593183517456
Sample 2,TimesFM,0.6321778297424316
Sample 2,Time-MoE,0.36782220005989075
Sample 3,TimesFM,0.5228917598724365
Sample 3,Chronos,0.4771082103252411
Sample 4,Time-MoE,0.6570849418640137
Sample 4,Chronos,0.34291499853134155
Sample 5,Chronos,0.5071237087249756
Sample 5,TimesFM,0.492876261472702
Sample 6,Chronos,0.6649057865142822
Sample 6,Timer,0.3350942134857178
Sample 7,Moirai,0.5327842831611633
Sample 7,Time-MoE,0.4672156572341919
Sample 8,Moirai,0.9990112781524658
Sample 8,Chronos,0.0009886976331472397
Sample 9,TimesFM,0.5126779675483704
Sample 9,Chronos,0.48732200264930725
Sample 10,Time-MoE,0.5374025702476501
Sample 10,Timer,0.46259745955467224
Sample 11,TimesFM,0.7898231148719788
Sample 11,Moirai,0.21017687022686005
Sample 12,Moirai,0.5652284622192383
Sample 12,Time-MoE,0.4347715377807617
Sample 13,TimesFM,0.666277289390564
Sample 13,Chronos,0.3337227702140808
Sample 14,Timer,0.5382357239723206
Sample 14,Chronos,0.46176427602767944
Sample 15,Moirai,0.5323902368545532
Sample 15,Time-MoE,0.46760979294776917
Sample 16,Moirai,0.998234748840332
Sample 16,Time-MoE,0.0017652014503255486
Sample 17,TimesFM,0.6938672661781311
Sample 17,Moirai,0.30613279342651367
Sample 18,Time-MoE,0.7241237163543701
Sample 18,Timer,0.27587634325027466
Sample 19,TimesFM,0.5244972705841064
Sample 19,Timer,0.47550269961357117
Sample 20,Time-MoE,0.5053316354751587
Sample 20,Moirai,0.4946683347225189
Sample 21,TimesFM,0.5660873055458069
Sample 21,Moirai,0.4339126646518707
Sample 22,Chronos,0.6512966752052307
Sample 22,Timer,0.3487033247947693
Sample 23,Chronos,0.5411941409111023
Sample 23,Moirai,0.4588058292865753
Sample 24,Moirai,0.993065357208252
Sample 24,Time-MoE,0.006934653967618942
Sample 25,TimesFM,0.623091995716095
Sample 25,Chronos,0.37690797448158264
Sample 26,Moirai,0.8674955368041992
Sample 26,TimesFM,0.13250450789928436
Sample 27,Moirai,0.6212814450263977
Sample 27,TimesFM,0.3787185847759247
Sample 28,Time-MoE,0.8268359303474426
Sample 28,TimesFM,0.17316405475139618
Sample 29,Chronos,0.5518015027046204
Sample 29,Timer,0.44819849729537964
Sample 30,Time-MoE,0.5436486005783081
Sample 30,Timer,0.4563513696193695
Sample 31,Time-MoE,0.5698444843292236
Sample 31,Moirai,0.4301554560661316
Sample 0,Moirai,0.9961493015289307
Sample 0,Chronos,0.003850656095892191
Sample 1,Moirai,0.6108035445213318
Sample 1,TimesFM,0.3891964554786682
Sample 2,Timer,0.7267056107521057
Sample 2,Time-MoE,0.2732943594455719
Sample 3,TimesFM,0.6953091621398926
Sample 3,Moirai,0.3046908676624298
Sample 4,Time-MoE,0.5839949250221252
Sample 4,Chronos,0.41600513458251953
Sample 5,TimesFM,0.5369107723236084
Sample 5,Moirai,0.463089257478714
Sample 6,Chronos,0.8903176188468933
Sample 6,Timer,0.10968244820833206
Sample 7,Moirai,0.7275417447090149
Sample 7,Time-MoE,0.2724582552909851
Sample 8,Moirai,0.9968255758285522
Sample 8,Chronos,0.003174429526552558
Sample 9,TimesFM,0.5227031707763672
Sample 9,Chronos,0.4772968292236328
Sample 10,Timer,0.7289460301399231
Sample 10,Time-MoE,0.2710539698600769
Sample 11,Moirai,0.5121484398841858
Sample 11,Chronos,0.487851619720459
Sample 12,Chronos,0.8063008189201355
Sample 12,Timer,0.19369912147521973
Sample 13,TimesFM,0.8610528111457825
Sample 13,Moirai,0.13894715905189514
Sample 14,Chronos,0.9112250804901123
Sample 14,Time-MoE,0.08877492696046829
Sample 15,Moirai,0.9086503386497498
Sample 15,Chronos,0.09134972095489502
Sample 16,Moirai,0.9999555349349976
Sample 16,Timer,4.448749314178713e-05
Sample 17,TimesFM,0.6624494194984436
Sample 17,Chronos,0.3375506103038788
Sample 18,TimesFM,0.5528772473335266
Sample 18,Timer,0.4471227526664734
Sample 19,TimesFM,0.765510082244873
Sample 19,Chronos,0.23448993265628815
Sample 20,Moirai,0.6620215773582458
Sample 20,TimesFM,0.3379783630371094
Sample 21,TimesFM,0.7065113186836243
Sample 21,Chronos,0.2934887409210205
Sample 22,Timer,0.5048088431358337
Sample 22,Chronos,0.49519121646881104
Sample 23,Timer,0.5057412385940552
Sample 23,Time-MoE,0.49425870180130005
Sample 24,Moirai,0.9994165897369385
Sample 24,Timer,0.0005833879695273936
Sample 25,TimesFM,0.5825968980789185
Sample 25,Timer,0.41740310192108154
Sample 26,Timer,0.7546706199645996
Sample 26,Time-MoE,0.24532930552959442
Sample 27,TimesFM,0.7499906420707703
Sample 27,Chronos,0.2500093877315521
Sample 28,Time-MoE,0.6120709180831909
Sample 28,Chronos,0.38792911171913147
Sample 29,TimesFM,0.8626651763916016
Sample 29,Chronos,0.13733483850955963
Sample 30,Chronos,0.6002450585365295
Sample 30,Timer,0.39975494146347046
Sample 31,Moirai,0.6273073554039001
Sample 31,Time-MoE,0.37269264459609985
Sample 0,Moirai,0.9796586036682129
Sample 0,Time-MoE,0.020341426134109497
Sample 1,TimesFM,0.8297896385192871
Sample 1,Moirai,0.1702103614807129
Sample 2,Moirai,0.5807194113731384
Sample 2,TimesFM,0.4192805588245392
Sample 3,TimesFM,0.9053667783737183
Sample 3,Chronos,0.09463322907686234
Sample 4,Moirai,0.8914145231246948
Sample 4,Timer,0.10858547687530518
Sample 5,Timer,0.6510743498802185
Sample 5,Chronos,0.3489256501197815
Sample 6,Timer,0.6131392121315002
Sample 6,Time-MoE,0.386860728263855
Sample 7,Moirai,0.9643789529800415
Sample 7,Time-MoE,0.03562105819582939
Sample 8,Moirai,0.9975025057792664
Sample 8,Timer,0.0024975116830319166
Sample 9,TimesFM,0.661785900592804
Sample 9,Chronos,0.33821409940719604
Sample 10,Time-MoE,0.6824245452880859
Sample 10,Chronos,0.3175754249095917
Sample 11,Chronos,0.6038869619369507
Sample 11,TimesFM,0.3961130976676941
Sample 12,Time-MoE,0.7201411128044128
Sample 12,TimesFM,0.2798588275909424
Sample 13,TimesFM,0.7430933117866516
Sample 13,Timer,0.2569067180156708
Sample 14,Chronos,0.5077050924301147
Sample 14,Time-MoE,0.49229487776756287
Sample 15,Timer,0.8131150603294373
Sample 15,Chronos,0.18688496947288513
Sample 16,Moirai,0.8916676640510559
Sample 16,TimesFM,0.1083323284983635
Sample 17,TimesFM,0.6294284462928772
Sample 17,Chronos,0.3705715537071228
Sample 18,Time-MoE,0.940544068813324
Sample 18,Timer,0.05945594608783722
Sample 19,Moirai,0.9496036767959595
Sample 19,TimesFM,0.05039636045694351
Sample 20,Time-MoE,0.5778263807296753
Sample 20,Chronos,0.4221736192703247
Sample 21,TimesFM,0.7238512635231018
Sample 21,Chronos,0.2761487066745758
Sample 22,Chronos,0.7733285427093506
Sample 22,Time-MoE,0.22667144238948822
Sample 23,Time-MoE,0.5395103096961975
Sample 23,Chronos,0.46048974990844727
Sample 24,Moirai,0.9358386993408203
Sample 24,Time-MoE,0.06416136771440506
Sample 25,TimesFM,0.5881510376930237
Sample 25,Chronos,0.41184893250465393
Sample 26,Moirai,0.5736129283905029
Sample 26,Time-MoE,0.42638707160949707
Sample 27,TimesFM,0.8590570688247681
Sample 27,Timer,0.14094294607639313
Sample 28,Timer,0.6005207896232605
Sample 28,Time-MoE,0.3994792401790619
Sample 29,TimesFM,0.6732100248336792
Sample 29,Chronos,0.3267900049686432
Sample 30,Chronos,0.7245736122131348
Sample 30,Time-MoE,0.27542638778686523
Sample 31,Time-MoE,0.8870217204093933
Sample 31,Timer,0.1129782497882843
Sample 0,Moirai,0.9965897798538208
Sample 0,Timer,0.003410253208130598
Sample 1,Moirai,0.6542381644248962
Sample 1,Timer,0.345761775970459
Sample 2,Chronos,0.6115570068359375
Sample 2,Moirai,0.3884430229663849
Sample 3,TimesFM,0.6230025291442871
Sample 3,Chronos,0.37699753046035767
Sample 4,TimesFM,0.6329643130302429
Sample 4,Chronos,0.3670356571674347
Sample 5,Moirai,0.9552931785583496
Sample 5,TimesFM,0.044706836342811584
Sample 6,Moirai,0.5161395072937012
Sample 6,Timer,0.48386046290397644
Sample 7,Moirai,0.8852192163467407
Sample 7,Time-MoE,0.11478081345558167
Sample 8,Moirai,0.9997891783714294
Sample 8,Timer,0.00021087763889227062
Sample 9,TimesFM,0.6432018876075745
Sample 9,Chronos,0.35679808259010315
Sample 10,Time-MoE,0.6303996443748474
Sample 10,Chronos,0.3696003258228302
Sample 11,TimesFM,0.745735764503479
Sample 11,Chronos,0.254264235496521
Sample 12,Timer,0.6937167644500732
Sample 12,Time-MoE,0.30628320574760437
Sample 13,TimesFM,0.6655596494674683
Sample 13,Chronos,0.33444035053253174
Sample 14,Chronos,0.613638699054718
Sample 14,Timer,0.3863612711429596
Sample 15,Moirai,0.6663310527801514
Sample 15,Time-MoE,0.3336690068244934
Sample 16,Moirai,0.9989176988601685
Sample 16,Time-MoE,0.0010823224438354373
Sample 17,Timer,0.5893270373344421
Sample 17,TimesFM,0.41067299246788025
Sample 18,Time-MoE,0.6969141960144043
Sample 18,Moirai,0.3030857741832733
Sample 19,TimesFM,0.5840907692909241
Sample 19,Timer,0.41590920090675354
Sample 20,Time-MoE,0.6781032681465149
Sample 20,Chronos,0.3218967616558075
Sample 21,Timer,0.6011883020401001
Sample 21,TimesFM,0.3988117277622223
Sample 22,Timer,0.6894580721855164
Sample 22,Chronos,0.31054192781448364
Sample 23,Moirai,0.9271673560142517
Sample 23,Chronos,0.07283265143632889
Sample 24,Moirai,0.9971964359283447
Sample 24,Timer,0.002803556155413389
Sample 25,TimesFM,0.6492708921432495
Sample 25,Timer,0.3507291078567505
Sample 26,Time-MoE,0.6517350077629089
Sample 26,Timer,0.3482649624347687
Sample 27,TimesFM,0.5368262529373169
Sample 27,Chronos,0.4631737172603607
Sample 28,Moirai,0.6704047322273254
Sample 28,Time-MoE,0.32959526777267456
Sample 29,Timer,0.5385732054710388
Sample 29,TimesFM,0.4614267945289612
Sample 30,Timer,0.5886813402175903
Sample 30,Chronos,0.41131868958473206
Sample 31,Moirai,0.7519292235374451
Sample 31,Time-MoE,0.24807080626487732
Sample 0,Moirai,0.9998588562011719
Sample 0,Time-MoE,0.00014115244266577065
Sample 1,TimesFM,0.8132768869400024
Sample 1,Timer,0.18672311305999756
Sample 2,Timer,0.6421168446540833
Sample 2,Chronos,0.35788312554359436
Sample 3,TimesFM,0.7358312606811523
Sample 3,Chronos,0.26416873931884766
Sample 4,Moirai,0.5214868187904358
Sample 4,Time-MoE,0.47851312160491943
Sample 5,TimesFM,0.5714130997657776
Sample 5,Timer,0.4285869300365448
Sample 6,Chronos,0.7613243460655212
Sample 6,TimesFM,0.23867568373680115
Sample 7,Timer,0.65998774766922
Sample 7,Time-MoE,0.34001225233078003
Sample 8,Moirai,0.998891294002533
Sample 8,Timer,0.001108712749555707
Sample 9,Chronos,0.5167178511619568
Sample 9,TimesFM,0.4832821786403656
Sample 10,Timer,0.572769045829773
Sample 10,Chronos,0.42723092436790466
Sample 11,Moirai,0.9544549584388733
Sample 11,Chronos,0.04554509371519089
Sample 12,Time-MoE,0.6812382340431213
Sample 12,Chronos,0.31876179575920105
Sample 13,TimesFM,0.6839340925216675
Sample 13,Chronos,0.3160659372806549
Sample 14,Chronos,0.5436973571777344
Sample 14,Time-MoE,0.45630261301994324
Sample 15,Time-MoE,0.7591674327850342
Sample 15,TimesFM,0.24083256721496582
Sample 16,Moirai,0.997944176197052
Sample 16,TimesFM,0.0020558498799800873
Sample 17,TimesFM,0.7854751944541931
Sample 17,Chronos,0.21452485024929047
Sample 18,Timer,0.5129461288452148
Sample 18,Time-MoE,0.48705384135246277
Sample 19,TimesFM,0.9155725240707397
Sample 19,Timer,0.08442745357751846
Sample 20,Time-MoE,0.6443045139312744
Sample 20,Chronos,0.355695515871048
Sample 21,TimesFM,0.7251411080360413
Sample 21,Moirai,0.27485892176628113
Sample 22,Chronos,0.6948099732398987
Sample 22,Timer,0.3051900267601013
Sample 23,Time-MoE,0.8659605383872986
Sample 23,Moirai,0.13403946161270142
Sample 24,Moirai,0.9994906187057495
Sample 24,Time-MoE,0.0005093878135085106
Sample 25,TimesFM,0.7397652864456177
Sample 25,Chronos,0.26023465394973755
Sample 26,Timer,0.8194751143455505
Sample 26,Moirai,0.1805248260498047
Sample 27,TimesFM,0.8248778581619263
Sample 27,Chronos,0.17512212693691254
Sample 28,Moirai,0.582325279712677
Sample 28,Time-MoE,0.417674720287323
Sample 29,Chronos,0.637100875377655
Sample 29,Timer,0.36289912462234497
Sample 30,Chronos,0.5105443000793457
Sample 30,Time-MoE,0.4894557297229767
Sample 31,Moirai,0.7055370211601257
Sample 31,Time-MoE,0.29446300864219666
Sample 0,Moirai,0.9983986020088196
Sample 0,Time-MoE,0.0016013728454709053
Sample 1,TimesFM,0.6626777052879333
Sample 1,Moirai,0.3373222351074219
Sample 2,Time-MoE,0.9521364569664001
Sample 2,Moirai,0.047863539308309555
Sample 3,TimesFM,0.819690465927124
Sample 3,Timer,0.18030956387519836
Sample 4,Time-MoE,0.6179149150848389
Sample 4,Moirai,0.38208505511283875
Sample 5,TimesFM,0.5047998428344727
Sample 5,Timer,0.4952002167701721
Sample 6,Chronos,0.6138173341751099
Sample 6,Time-MoE,0.3861827254295349
Sample 7,Time-MoE,0.7639071941375732
Sample 7,Moirai,0.23609276115894318
Sample 8,Moirai,0.988079845905304
Sample 8,Chronos,0.011920182965695858
Sample 9,TimesFM,0.8366917371749878
Sample 9,Chronos,0.16330823302268982
Sample 10,Timer,0.6485088467597961
Sample 10,Moirai,0.35149115324020386
Sample 11,TimesFM,0.5624200701713562
Sample 11,Moirai,0.4375799596309662
Sample 12,Chronos,0.6288217306137085
Sample 12,TimesFM,0.3711782693862915
Sample 13,Chronos,0.6439560651779175
Sample 13,Time-MoE,0.3560439944267273
Sample 14,Chronos,0.502634584903717
Sample 14,Time-MoE,0.49736541509628296
Sample 15,Moirai,0.8145235180854797
Sample 15,Time-MoE,0.18547646701335907
Sample 16,Moirai,0.9931007623672485
Sample 16,Chronos,0.006899249739944935
Sample 17,TimesFM,0.7200474143028259
Sample 17,Moirai,0.2799525558948517
Sample 18,Moirai,0.8076860308647156
Sample 18,Timer,0.19231396913528442
Sample 19,Chronos,0.6813077926635742
Sample 19,TimesFM,0.31869223713874817
Sample 20,TimesFM,0.5710787177085876
Sample 20,Timer,0.42892131209373474
Sample 21,TimesFM,0.8241034746170044
Sample 21,Moirai,0.1758965402841568
Sample 22,Chronos,0.9287066459655762
Sample 22,Timer,0.07129327952861786
Sample 23,Moirai,0.5263420343399048
Sample 23,Time-MoE,0.4736579954624176
Sample 24,Moirai,0.9982709884643555
Sample 24,TimesFM,0.001729039940983057
Sample 25,TimesFM,0.6674976944923401
Sample 25,Chronos,0.3325023055076599
Sample 26,Time-MoE,0.903327465057373
Sample 26,Timer,0.09667246788740158
Sample 27,Timer,0.5329648852348328
Sample 27,Chronos,0.46703511476516724
Sample 28,Time-MoE,0.7088515162467957
Sample 28,Timer,0.29114845395088196
Sample 29,TimesFM,0.7313027381896973
Sample 29,Timer,0.26869723200798035
Sample 30,Time-MoE,0.7321434020996094
Sample 30,Timer,0.2678565979003906
Sample 31,Timer,0.5943769216537476
Sample 31,Chronos,0.40562304854393005
Sample 0,Moirai,0.9057246446609497
Sample 0,TimesFM,0.09427540004253387
Sample 1,TimesFM,0.5349137783050537
Sample 1,Chronos,0.4650861620903015
Sample 2,Time-MoE,0.8454710245132446
Sample 2,Timer,0.15452897548675537
Sample 3,TimesFM,0.8137452006340027
Sample 3,Chronos,0.18625475466251373
Sample 4,Time-MoE,0.6576498746871948
Sample 4,Timer,0.34235015511512756
Sample 5,TimesFM,0.6748387813568115
Sample 5,Moirai,0.3251611888408661
Sample 6,Chronos,0.8253714442253113
Sample 6,Timer,0.17462852597236633
Sample 7,Moirai,0.6986979842185974
Sample 7,Chronos,0.3013020157814026
Sample 8,Moirai,0.9995126724243164
Sample 8,Time-MoE,0.0004873151774518192
Sample 9,TimesFM,0.5289154648780823
Sample 9,Moirai,0.47108447551727295
Sample 10,Time-MoE,0.8021391034126282
Sample 10,Timer,0.19786089658737183
Sample 11,TimesFM,0.6676384210586548
Sample 11,Chronos,0.3323616087436676
Sample 12,Time-MoE,0.8025660514831543
Sample 12,Timer,0.1974339336156845
Sample 13,Chronos,0.5808807611465454
Sample 13,Timer,0.419119268655777
Sample 14,TimesFM,0.6107622981071472
Sample 14,Chronos,0.38923773169517517
Sample 15,Moirai,0.8861640691757202
Sample 15,Chronos,0.11383596807718277
Sample 0,Moirai,0.9999339580535889
Sample 0,Chronos,6.607438263017684e-05
Sample 1,TimesFM,0.5313625335693359
Sample 1,Chronos,0.4686374068260193
Sample 2,Time-MoE,0.623504638671875
Sample 2,Chronos,0.3764953911304474
Sample 3,TimesFM,0.7580072283744812
Sample 3,Chronos,0.2419927567243576
Sample 4,Timer,0.6117314100265503
Sample 4,Chronos,0.3882685899734497
Sample 5,Chronos,0.6555713415145874
Sample 5,TimesFM,0.344428688287735
Sample 6,Chronos,0.7873087525367737
Sample 6,Timer,0.21269120275974274
Sample 7,Time-MoE,0.8015587329864502
Sample 7,Chronos,0.1984412968158722
Sample 8,Moirai,0.9992510676383972
Sample 8,Time-MoE,0.0007488842820748687
Sample 9,TimesFM,0.7406754493713379
Sample 9,Chronos,0.2593245804309845
Sample 10,Time-MoE,0.7023885250091553
Sample 10,Timer,0.2976115047931671
Sample 11,TimesFM,0.7744044661521912
Sample 11,Moirai,0.22559548914432526
Sample 12,Time-MoE,0.7738682627677917
Sample 12,Moirai,0.22613176703453064
Sample 13,TimesFM,0.7665577530860901
Sample 13,Chronos,0.23344220221042633
Sample 14,Chronos,0.6282161474227905
Sample 14,Timer,0.37178388237953186
Sample 15,Moirai,0.5832246541976929
Sample 15,Time-MoE,0.41677528619766235
Sample 16,Moirai,0.9986681938171387
Sample 16,Timer,0.0013317777775228024
Sample 17,TimesFM,0.7825485467910767
Sample 17,Moirai,0.21745146811008453
Sample 18,Timer,0.6352910399436951
Sample 18,Time-MoE,0.3647089898586273
Sample 19,TimesFM,0.8259749412536621
Sample 19,Chronos,0.1740250438451767
Sample 20,Moirai,0.8072375655174255
Sample 20,Timer,0.19276246428489685
Sample 21,TimesFM,0.8989529013633728
Sample 21,Chronos,0.1010470762848854
Sample 22,Chronos,0.5555469393730164
Sample 22,Time-MoE,0.44445309042930603
Sample 23,Time-MoE,0.5098531246185303
Sample 23,Moirai,0.4901468753814697
Sample 24,Moirai,0.9892215728759766
Sample 24,Time-MoE,0.010778454132378101
Sample 25,TimesFM,0.7315062880516052
Sample 25,Chronos,0.26849377155303955
Sample 26,Moirai,0.8445655107498169
Sample 26,TimesFM,0.1554345190525055
Sample 27,Moirai,0.8454093337059021
Sample 27,TimesFM,0.1545906960964203
Sample 28,Time-MoE,0.9569642543792725
Sample 28,Chronos,0.04303577169775963
Sample 29,TimesFM,0.6135096549987793
Sample 29,Chronos,0.3864903450012207
Sample 30,Time-MoE,0.5373033881187439
Sample 30,Timer,0.4626966714859009
Sample 31,Moirai,0.7534452676773071
Sample 31,Time-MoE,0.24655470252037048
Sample 0,Moirai,0.9974648952484131
Sample 0,Chronos,0.0025350593496114016
Sample 1,Chronos,0.6822137236595154
Sample 1,TimesFM,0.3177862763404846
Sample 2,Chronos,0.6746987700462341
Sample 2,Timer,0.32530125975608826
Sample 3,TimesFM,0.627987802028656
Sample 3,Chronos,0.3720122277736664
Sample 4,Chronos,0.5197126269340515
Sample 4,Time-MoE,0.4802873432636261
Sample 5,TimesFM,0.6053253412246704
Sample 5,Chronos,0.39467471837997437
Sample 6,Chronos,0.9268863797187805
Sample 6,Time-MoE,0.07311364263296127
Sample 7,Moirai,0.9685298800468445
Sample 7,Chronos,0.03147003427147865
Sample 8,Moirai,0.9994341731071472
Sample 8,Timer,0.0005658023292198777
Sample 9,TimesFM,0.8752383589744568
Sample 9,Chronos,0.12476164102554321
Sample 10,Timer,0.8388841152191162
Sample 10,Moirai,0.161115825176239
Sample 11,Moirai,0.500480592250824
Sample 11,Chronos,0.4995194673538208
Sample 12,Time-MoE,0.5479862689971924
Sample 12,Timer,0.45201376080513
Sample 13,TimesFM,0.7992105484008789
Sample 13,Moirai,0.2007894515991211
Sample 14,Chronos,0.9362494945526123
Sample 14,TimesFM,0.06375056505203247
Sample 15,Moirai,0.8985192179679871
Sample 15,Chronos,0.10148075968027115
Sample 16,Moirai,0.9998395442962646
Sample 16,Time-MoE,0.00016045506345108151
Sample 17,TimesFM,0.5753065943717957
Sample 17,Moirai,0.42469337582588196
Sample 18,TimesFM,0.6047019958496094
Sample 18,Time-MoE,0.3952980041503906
Sample 19,TimesFM,0.7404354810714722
Sample 19,Chronos,0.2595645785331726
Sample 20,Chronos,0.6154739260673523
Sample 20,Moirai,0.3845260739326477
Sample 21,Moirai,0.5106906294822693
Sample 21,TimesFM,0.4893094003200531
Sample 22,Chronos,0.8828346133232117
Sample 22,Time-MoE,0.11716534197330475
Sample 23,Time-MoE,0.7847632765769958
Sample 23,Timer,0.21523667871952057
Sample 24,Moirai,0.9873625040054321
Sample 24,Timer,0.01263748575001955
Sample 25,TimesFM,0.6248490810394287
Sample 25,Chronos,0.3751508891582489
Sample 26,Timer,0.6654056310653687
Sample 26,Time-MoE,0.33459439873695374
Sample 27,TimesFM,0.826956570148468
Sample 27,Chronos,0.17304345965385437
Sample 28,Time-MoE,0.5474926829338074
Sample 28,Moirai,0.4525073170661926
Sample 29,TimesFM,0.8818337917327881
Sample 29,Chronos,0.11816616356372833
Sample 30,Chronos,0.5657775402069092
Sample 30,Timer,0.43422242999076843
Sample 31,Moirai,0.6281617879867554
Sample 31,Time-MoE,0.37183818221092224
Sample 0,Moirai,0.978704571723938
Sample 0,Time-MoE,0.021295398473739624
Sample 1,TimesFM,0.5967772006988525
Sample 1,Moirai,0.40322285890579224
Sample 2,Chronos,0.5261182188987732
Sample 2,Moirai,0.4738817512989044
Sample 3,TimesFM,0.949383556842804
Sample 3,Chronos,0.05061648041009903
Sample 4,Moirai,0.8945949673652649
Sample 4,Time-MoE,0.10540500283241272
Sample 5,Chronos,0.6140087842941284
Sample 5,Timer,0.3859911561012268
Sample 6,Timer,0.5396411418914795
Sample 6,Chronos,0.4603588581085205
Sample 7,Moirai,0.8733718991279602
Sample 7,Time-MoE,0.1266280710697174
Sample 8,Moirai,0.9734704494476318
Sample 8,Timer,0.026529500260949135
Sample 9,TimesFM,0.6549738645553589
Sample 9,Chronos,0.34502607583999634
Sample 10,Chronos,0.5116954445838928
Sample 10,Moirai,0.4883045256137848
Sample 11,Chronos,0.7139647603034973
Sample 11,TimesFM,0.28603529930114746
Sample 12,Time-MoE,0.6078857183456421
Sample 12,Timer,0.3921143114566803
Sample 13,TimesFM,0.6444458365440369
Sample 13,Timer,0.35555413365364075
Sample 14,Chronos,0.6533262133598328
Sample 14,Time-MoE,0.34667375683784485
Sample 15,Time-MoE,0.5502220392227173
Sample 15,Moirai,0.4497779309749603
Sample 16,Moirai,0.9153682589530945
Sample 16,Chronos,0.08463168889284134
Sample 17,TimesFM,0.7611862421035767
Sample 17,Chronos,0.23881375789642334
Sample 18,Time-MoE,0.9451705813407898
Sample 18,Timer,0.054829489439725876
Sample 19,Moirai,0.9138419032096863
Sample 19,Chronos,0.08615809679031372
Sample 20,Time-MoE,0.887748658657074
Sample 20,Timer,0.11225129663944244
Sample 21,TimesFM,0.9374874830245972
Sample 21,Chronos,0.06251250207424164
Sample 22,Chronos,0.7715752720832825
Sample 22,Time-MoE,0.2284247726202011
Sample 23,Chronos,0.5470373630523682
Sample 23,Time-MoE,0.45296260714530945
Sample 24,Moirai,0.9464657306671143
Sample 24,Time-MoE,0.05353424698114395
Sample 25,Chronos,0.5483541488647461
Sample 25,TimesFM,0.4516458809375763
Sample 26,Time-MoE,0.5797092914581299
Sample 26,Moirai,0.4202907085418701
Sample 27,TimesFM,0.9089787602424622
Sample 27,Timer,0.09102118760347366
Sample 28,Time-MoE,0.7060004472732544
Sample 28,Chronos,0.2939995229244232
Sample 29,TimesFM,0.5360240936279297
Sample 29,Chronos,0.4639759063720703
Sample 30,Timer,0.5153912305831909
Sample 30,Chronos,0.4846087694168091
Sample 31,Time-MoE,0.9527050256729126
Sample 31,Chronos,0.04729492962360382
Sample 0,Moirai,0.989726722240448
Sample 0,Time-MoE,0.01027324516326189
Sample 1,Chronos,0.5254661440849304
Sample 1,Moirai,0.4745338261127472
Sample 2,TimesFM,0.5058799386024475
Sample 2,Chronos,0.49412012100219727
Sample 3,TimesFM,0.8087849020957947
Sample 3,Moirai,0.19121509790420532
Sample 4,TimesFM,0.7537903785705566
Sample 4,Chronos,0.24620962142944336
Sample 5,Moirai,0.8945220112800598
Sample 5,TimesFM,0.10547800362110138
Sample 6,TimesFM,0.6825757622718811
Sample 6,Chronos,0.3174242079257965
Sample 7,Time-MoE,0.6547577381134033
Sample 7,Chronos,0.34524232149124146
Sample 8,Moirai,0.9997616410255432
Sample 8,Time-MoE,0.0002383125392952934
Sample 9,Timer,0.5883464813232422
Sample 9,TimesFM,0.4116534888744354
Sample 10,Time-MoE,0.6240214705467224
Sample 10,Timer,0.3759785592556
Sample 11,TimesFM,0.7976658344268799
Sample 11,Chronos,0.2023342251777649
Sample 12,Moirai,0.8369497060775757
Sample 12,Time-MoE,0.1630503386259079
Sample 13,TimesFM,0.6281803846359253
Sample 13,Chronos,0.3718195855617523
Sample 14,TimesFM,0.7918421626091003
Sample 14,Timer,0.20815788209438324
Sample 15,Moirai,0.7722594738006592
Sample 15,Timer,0.22774052619934082
Sample 16,Moirai,0.999788224697113
Sample 16,Time-MoE,0.00021178516908548772
Sample 17,Chronos,0.6946517825126648
Sample 17,Timer,0.3053481876850128
Sample 18,Moirai,0.5334367752075195
Sample 18,Time-MoE,0.46656325459480286
Sample 19,TimesFM,0.9271204471588135
Sample 19,Timer,0.07287955284118652
Sample 20,Chronos,0.5671635270118713
Sample 20,Time-MoE,0.4328364431858063
Sample 21,TimesFM,0.8413630723953247
Sample 21,Chronos,0.1586368829011917
Sample 22,Time-MoE,0.781295657157898
Sample 22,Moirai,0.21870438754558563
Sample 23,Moirai,0.7023149132728577
Sample 23,Time-MoE,0.29768505692481995
Sample 24,Moirai,0.9990092515945435
Sample 24,Time-MoE,0.0009907061466947198
Sample 25,TimesFM,0.6109479665756226
Sample 25,Timer,0.38905197381973267
Sample 26,Time-MoE,0.6942148804664612
Sample 26,Chronos,0.3057851493358612
Sample 27,TimesFM,0.9694038033485413
Sample 27,Chronos,0.03059614636003971
Sample 28,Moirai,0.9147277474403381
Sample 28,Time-MoE,0.08527220785617828
Sample 29,Timer,0.65590500831604
Sample 29,Chronos,0.34409502148628235
Sample 30,Chronos,0.5203321576118469
Sample 30,Timer,0.47966787219047546
Sample 31,Moirai,0.8513274788856506
Sample 31,Timer,0.14867258071899414
Sample 0,Moirai,0.9998719692230225
Sample 0,Chronos,0.0001280138094443828
Sample 1,Chronos,0.7153007984161377
Sample 1,Moirai,0.2846991717815399
Sample 2,Chronos,0.6282314658164978
Sample 2,Timer,0.3717685341835022
Sample 3,TimesFM,0.8005867600440979
Sample 3,Timer,0.19941328465938568
Sample 4,Time-MoE,0.565436840057373
Sample 4,TimesFM,0.43456321954727173
Sample 5,TimesFM,0.7883265614509583
Sample 5,Timer,0.21167342364788055
Sample 6,Chronos,0.5983731150627136
Sample 6,TimesFM,0.40162694454193115
Sample 7,Moirai,0.8331188559532166
Sample 7,Time-MoE,0.16688115894794464
Sample 8,Moirai,0.9989509582519531
Sample 8,Timer,0.00104902230668813
Sample 9,TimesFM,0.6307253241539001
Sample 9,Timer,0.36927470564842224
Sample 10,Time-MoE,0.8584215044975281
Sample 10,Moirai,0.1415785551071167
Sample 11,Moirai,0.521296501159668
Sample 11,Chronos,0.4787035584449768
Sample 12,Time-MoE,0.8172257542610168
Sample 12,Moirai,0.18277432024478912
Sample 13,TimesFM,0.7811456918716431
Sample 13,Moirai,0.21885435283184052
Sample 14,Chronos,0.5632251501083374
Sample 14,Timer,0.4367748498916626
Sample 15,TimesFM,0.6091322898864746
Sample 15,Time-MoE,0.3908677101135254
Sample 16,Moirai,0.9977288842201233
Sample 16,TimesFM,0.002271076664328575
Sample 17,TimesFM,0.6051234006881714
Sample 17,Chronos,0.394876629114151
Sample 18,Timer,0.6626964807510376
Sample 18,Chronos,0.33730348944664
Sample 19,TimesFM,0.9232673645019531
Sample 19,Timer,0.07673267275094986
Sample 20,Time-MoE,0.8807051181793213
Sample 20,Moirai,0.1192948967218399
Sample 21,TimesFM,0.8270424604415894
Sample 21,Moirai,0.17295758426189423
Sample 22,Chronos,0.6539928913116455
Sample 22,Timer,0.3460071086883545
Sample 23,Time-MoE,0.6195580363273621
Sample 23,Chronos,0.38044193387031555
Sample 24,Moirai,0.9997826218605042
Sample 24,Time-MoE,0.00021739554358646274
Sample 25,TimesFM,0.5257462859153748
Sample 25,Chronos,0.47425374388694763
Sample 26,Timer,0.6044805645942688
Sample 26,Time-MoE,0.3955194652080536
Sample 27,TimesFM,0.7738362550735474
Sample 27,Chronos,0.22616377472877502
Sample 28,Time-MoE,0.6468381881713867
Sample 28,Moirai,0.35316184163093567
Sample 29,TimesFM,0.7715514898300171
Sample 29,Chronos,0.2284485250711441
Sample 30,Chronos,0.5183013081550598
Sample 30,TimesFM,0.4816986620426178
Sample 31,Moirai,0.7384925484657288
Sample 31,Timer,0.26150748133659363
Sample 0,Moirai,0.9998561143875122
Sample 0,Time-MoE,0.00014389882562682033
Sample 1,TimesFM,0.6348131895065308
Sample 1,Chronos,0.36518681049346924
Sample 2,Time-MoE,0.8616520166397095
Sample 2,TimesFM,0.13834801316261292
Sample 3,TimesFM,0.618317723274231
Sample 3,Timer,0.38168230652809143
Sample 4,Chronos,0.7566269636154175
Sample 4,Time-MoE,0.24337300658226013
Sample 5,Chronos,0.5266361236572266
Sample 5,Time-MoE,0.4733639061450958
Sample 6,Timer,0.7073296904563904
Sample 6,Chronos,0.2926703095436096
Sample 7,Time-MoE,0.6807472705841064
Sample 7,Moirai,0.31925278902053833
Sample 8,Moirai,0.9983899593353271
Sample 8,Time-MoE,0.0016100354259833694
Sample 9,TimesFM,0.6530047655105591
Sample 9,Moirai,0.3469952642917633
Sample 10,Moirai,0.5407428741455078
Sample 10,Chronos,0.4592571556568146
Sample 11,TimesFM,0.5777248740196228
Sample 11,Chronos,0.4222751259803772
Sample 12,Timer,0.5403843522071838
Sample 12,Chronos,0.45961567759513855
Sample 13,TimesFM,0.7107795476913452
Sample 13,Chronos,0.2892204821109772
Sample 14,Chronos,0.8356026411056519
Sample 14,Time-MoE,0.16439732909202576
Sample 15,Time-MoE,0.6760167479515076
Sample 15,Moirai,0.3239832818508148
Sample 16,Moirai,0.9991186261177063
Sample 16,Chronos,0.0008814184111543
Sample 17,Moirai,0.5048204660415649
Sample 17,TimesFM,0.49517953395843506
Sample 18,Moirai,0.6763233542442322
Sample 18,Time-MoE,0.32367658615112305
Sample 19,TimesFM,0.802968442440033
Sample 19,Chronos,0.19703157246112823
Sample 20,TimesFM,0.6223364472389221
Sample 20,Timer,0.3776635527610779
Sample 21,TimesFM,0.8476278185844421
Sample 21,Chronos,0.15237224102020264
Sample 22,Chronos,0.6058657765388489
Sample 22,Timer,0.3941342532634735
Sample 23,Moirai,0.6379026174545288
Sample 23,Timer,0.3620974123477936
Sample 24,Moirai,0.999294638633728
Sample 24,TimesFM,0.0007053090957924724
Sample 25,TimesFM,0.7217727899551392
Sample 25,Timer,0.27822721004486084
Sample 26,Moirai,0.6659528017044067
Sample 26,Time-MoE,0.33404722809791565
Sample 27,TimesFM,0.6600301861763
Sample 27,Time-MoE,0.33996981382369995
Sample 28,Time-MoE,0.5129021406173706
Sample 28,Timer,0.487097829580307
Sample 29,Timer,0.5353572964668274
Sample 29,TimesFM,0.464642733335495
Sample 30,Chronos,0.5843549966812134
Sample 30,Timer,0.41564494371414185
Sample 31,TimesFM,0.620722234249115
Sample 31,Time-MoE,0.37927770614624023
Sample 0,Moirai,0.9529238939285278
Sample 0,Chronos,0.04707612469792366
Sample 1,TimesFM,0.770143449306488
Sample 1,Chronos,0.22985653579235077
Sample 2,Timer,0.60489422082901
Sample 2,Time-MoE,0.3951057195663452
Sample 3,TimesFM,0.9062494039535522
Sample 3,Chronos,0.09375061839818954
Sample 4,Time-MoE,0.8123285174369812
Sample 4,Timer,0.18767152726650238
Sample 5,TimesFM,0.8126282691955566
Sample 5,Chronos,0.18737171590328217
Sample 6,Chronos,0.5657883882522583
Sample 6,TimesFM,0.4342116117477417
Sample 7,Moirai,0.8853169083595276
Sample 7,Time-MoE,0.1146831065416336
Sample 8,Moirai,0.9999959468841553
Sample 8,Time-MoE,4.1004946069733705e-06
Sample 9,TimesFM,0.7456474304199219
Sample 9,Chronos,0.2543526291847229
Sample 10,Time-MoE,0.6751304268836975
Sample 10,Chronos,0.3248696029186249
Sample 11,TimesFM,0.6416661739349365
Sample 11,Timer,0.3583337962627411
Sample 12,Timer,0.5043416619300842
Sample 12,Time-MoE,0.4956583082675934
Sample 13,TimesFM,0.6451660394668579
Sample 13,Chronos,0.3548339903354645
Sample 14,Timer,0.60908442735672
Sample 14,Chronos,0.39091557264328003
Sample 15,Time-MoE,0.6590339541435242
Sample 15,Moirai,0.34096604585647583
Sample 0,Moirai,0.9998735189437866
Sample 0,Time-MoE,0.00012643756053876132
Sample 1,Timer,0.5266110301017761
Sample 1,TimesFM,0.47338899970054626
Sample 2,TimesFM,0.5921563506126404
Sample 2,Time-MoE,0.407843679189682
Sample 3,TimesFM,0.8387311100959778
Sample 3,Timer,0.16126888990402222
Sample 4,Moirai,0.6915957927703857
Sample 4,Time-MoE,0.30840420722961426
Sample 5,Chronos,0.6939128041267395
Sample 5,TimesFM,0.3060871958732605
Sample 6,Chronos,0.7476396560668945
Sample 6,Timer,0.2523603141307831
Sample 7,Time-MoE,0.7001796960830688
Sample 7,Moirai,0.2998202443122864
Sample 8,Moirai,0.9999148845672607
Sample 8,Timer,8.505254663759843e-05
Sample 9,TimesFM,0.6743615865707397
Sample 9,Timer,0.32563841342926025
Sample 10,Time-MoE,0.7221471667289734
Sample 10,Timer,0.2778528332710266
Sample 11,TimesFM,0.7144672870635986
Sample 11,Chronos,0.28553274273872375
Sample 12,Time-MoE,0.5864927172660828
Sample 12,Moirai,0.41350725293159485
Sample 13,TimesFM,0.6830941438674927
Sample 13,Timer,0.3169058561325073
Sample 14,Timer,0.5741778016090393
Sample 14,Time-MoE,0.4258221685886383
Sample 15,Time-MoE,0.6050711870193481
Sample 15,Moirai,0.39492878317832947
Sample 16,Moirai,0.9953195452690125
Sample 16,Time-MoE,0.004680467303842306
Sample 17,TimesFM,0.7569729685783386
Sample 17,Chronos,0.24302706122398376
Sample 18,Time-MoE,0.8720576167106628
Sample 18,Timer,0.12794239819049835
Sample 19,TimesFM,0.5501158833503723
Sample 19,Chronos,0.44988417625427246
Sample 20,Moirai,0.9508978724479675
Sample 20,Timer,0.049102138727903366
Sample 21,TimesFM,0.7822604775428772
Sample 21,Chronos,0.2177395075559616
Sample 22,Chronos,0.6214120388031006
Sample 22,Time-MoE,0.37858790159225464
Sample 23,Timer,0.5996088981628418
Sample 23,Time-MoE,0.4003910422325134
Sample 24,Moirai,0.9963052272796631
Sample 24,Time-MoE,0.003694823943078518
Sample 25,TimesFM,0.8112662434577942
Sample 25,Timer,0.188733771443367
Sample 26,Moirai,0.8608416318893433
Sample 26,Timer,0.13915833830833435
Sample 27,Moirai,0.7353299856185913
Sample 27,Chronos,0.2646700143814087
Sample 28,Time-MoE,0.8427308797836304
Sample 28,TimesFM,0.15726909041404724
Sample 29,TimesFM,0.6787826418876648
Sample 29,Timer,0.32121741771698
Sample 30,Timer,0.7795481085777283
Sample 30,Chronos,0.22045187652111053
Sample 31,Chronos,0.5666698813438416
Sample 31,Time-MoE,0.43333011865615845
Sample 0,Moirai,0.997109591960907
Sample 0,TimesFM,0.0028904839418828487
Sample 1,Chronos,0.5891391634941101
Sample 1,TimesFM,0.4108608365058899
Sample 2,Chronos,0.7381608486175537
Sample 2,Time-MoE,0.2618391811847687
Sample 3,TimesFM,0.7006531357765198
Sample 3,Moirai,0.2993468940258026
Sample 4,Time-MoE,0.634853720664978
Sample 4,TimesFM,0.3651462197303772
Sample 5,TimesFM,0.895502507686615
Sample 5,Chronos,0.10449746251106262
Sample 6,Chronos,0.6259884834289551
Sample 6,Time-MoE,0.3740115165710449
Sample 7,Moirai,0.61024409532547
Sample 7,Time-MoE,0.38975587487220764
Sample 8,Moirai,0.9987936019897461
Sample 8,Time-MoE,0.0012063576141372323
Sample 9,TimesFM,0.6914041042327881
Sample 9,Chronos,0.3085959255695343
Sample 10,Timer,0.9056373238563538
Sample 10,Chronos,0.09436261653900146
Sample 11,Moirai,0.7484238743782043
Sample 11,Chronos,0.25157609581947327
Sample 12,Time-MoE,0.7572416067123413
Sample 12,Timer,0.2427583932876587
Sample 13,TimesFM,0.7939311265945435
Sample 13,Moirai,0.20606884360313416
Sample 14,Chronos,0.8736358880996704
Sample 14,TimesFM,0.1263640969991684
Sample 15,Moirai,0.8206386566162109
Sample 15,Time-MoE,0.17936137318611145
Sample 16,Moirai,0.999563992023468
Sample 16,Time-MoE,0.00043597808689810336
Sample 17,TimesFM,0.7385677695274353
Sample 17,Moirai,0.2614321708679199
Sample 18,Timer,0.5885199308395386
Sample 18,Time-MoE,0.41148000955581665
Sample 19,TimesFM,0.6192142367362976
Sample 19,Timer,0.3807857632637024
Sample 20,Moirai,0.5730659365653992
Sample 20,Timer,0.42693406343460083
Sample 21,TimesFM,0.5603781938552856
Sample 21,Timer,0.43962177634239197
Sample 22,Timer,0.5106925368309021
Sample 22,Chronos,0.4893074333667755
Sample 23,Time-MoE,0.7129373550415039
Sample 23,Chronos,0.2870625853538513
Sample 24,Moirai,0.9945698380470276
Sample 24,Timer,0.0054300990886986256
Sample 25,TimesFM,0.592186689376831
Sample 25,Chronos,0.40781331062316895
Sample 26,Timer,0.8226731419563293
Sample 26,Chronos,0.17732682824134827
Sample 27,TimesFM,0.8094033002853394
Sample 27,Timer,0.19059674441814423
Sample 28,Time-MoE,0.9027143716812134
Sample 28,Moirai,0.09728556871414185
Sample 29,TimesFM,0.7254656553268433
Sample 29,Chronos,0.2745343744754791
Sample 30,Timer,0.8286083340644836
Sample 30,Chronos,0.17139163613319397
Sample 31,Moirai,0.9630817770957947
Sample 31,Chronos,0.03691821172833443
Sample 0,Moirai,0.9912978410720825
Sample 0,Time-MoE,0.008702224120497704
Sample 1,TimesFM,0.6180076003074646
Sample 1,Moirai,0.3819924294948578
Sample 2,TimesFM,0.8666884303092957
Sample 2,Timer,0.13331158459186554
Sample 3,Timer,0.5017141103744507
Sample 3,TimesFM,0.49828583002090454
Sample 4,Moirai,0.9899623394012451
Sample 4,Chronos,0.01003771647810936
Sample 5,Timer,0.5956869721412659
Sample 5,Chronos,0.4043130576610565
Sample 6,Timer,0.7865728735923767
Sample 6,Chronos,0.21342715620994568
Sample 7,Moirai,0.9017844200134277
Sample 7,Chronos,0.09821555018424988
Sample 8,Moirai,0.9972379207611084
Sample 8,Time-MoE,0.0027620161417871714
Sample 9,TimesFM,0.7568709850311279
Sample 9,Chronos,0.2431289702653885
Sample 10,Chronos,0.8611196279525757
Sample 10,Moirai,0.1388804167509079
Sample 11,TimesFM,0.7778800129890442
Sample 11,Time-MoE,0.22211997210979462
Sample 12,Time-MoE,0.8220713138580322
Sample 12,Timer,0.17792868614196777
Sample 13,TimesFM,0.7592511177062988
Sample 13,Timer,0.24074885249137878
Sample 14,Chronos,0.6827589273452759
Sample 14,Timer,0.3172410726547241
Sample 15,Time-MoE,0.8998716473579407
Sample 15,Moirai,0.10012838989496231
Sample 16,Moirai,0.8577617406845093
Sample 16,Chronos,0.14223822951316833
Sample 17,TimesFM,0.6424782872200012
Sample 17,Timer,0.35752174258232117
Sample 18,Time-MoE,0.7464843392372131
Sample 18,Timer,0.25351569056510925
Sample 19,Moirai,0.9537686705589294
Sample 19,Chronos,0.04623139649629593
Sample 20,Time-MoE,0.7858282327651978
Sample 20,Chronos,0.21417173743247986
Sample 21,TimesFM,0.7749784588813782
Sample 21,Chronos,0.22502152621746063
Sample 22,Chronos,0.9074916839599609
Sample 22,Timer,0.09250833839178085
Sample 23,Chronos,0.6027038097381592
Sample 23,Time-MoE,0.39729616045951843
Sample 24,Moirai,0.839535117149353
Sample 24,Time-MoE,0.16046486794948578
Sample 25,Timer,0.5200634002685547
Sample 25,Chronos,0.4799366295337677
Sample 26,Chronos,0.5027222037315369
Sample 26,Moirai,0.49727779626846313
Sample 27,TimesFM,0.699085533618927
Sample 27,Time-MoE,0.3009145259857178
Sample 28,Time-MoE,0.9577729105949402
Sample 28,Chronos,0.042227111756801605
Sample 29,TimesFM,0.7680313587188721
Sample 29,Chronos,0.2319686859846115
Sample 30,Timer,0.8213751912117004
Sample 30,Chronos,0.17862480878829956
Sample 31,Timer,0.5319908857345581
Sample 31,Time-MoE,0.4680091440677643
Sample 0,Moirai,0.9969896078109741
Sample 0,Time-MoE,0.00301040499471128
Sample 1,TimesFM,0.5459883809089661
Sample 1,Moirai,0.45401161909103394
Sample 2,Chronos,0.6387236714363098
Sample 2,Time-MoE,0.36127638816833496
Sample 3,TimesFM,0.6502730250358582
Sample 3,Timer,0.34972691535949707
Sample 4,Time-MoE,0.5734328627586365
Sample 4,Timer,0.42656710743904114
Sample 5,Moirai,0.9042090773582458
Sample 5,TimesFM,0.09579093009233475
Sample 6,Moirai,0.6107637882232666
Sample 6,Timer,0.3892362117767334
Sample 7,Moirai,0.5547653436660767
Sample 7,Chronos,0.4452346861362457
Sample 8,Moirai,0.9997544884681702
Sample 8,Chronos,0.000245502422330901
Sample 9,TimesFM,0.6236835718154907
Sample 9,Timer,0.3763163983821869
Sample 10,Time-MoE,0.7506384253501892
Sample 10,Chronos,0.24936158955097198
Sample 11,TimesFM,0.6690024137496948
Sample 11,Timer,0.3309975266456604
Sample 12,Moirai,0.7812262177467346
Sample 12,Time-MoE,0.218773752450943
Sample 13,Chronos,0.6118561625480652
Sample 13,Timer,0.3881438076496124
Sample 14,Timer,0.551761269569397
Sample 14,TimesFM,0.448238730430603
Sample 15,Time-MoE,0.5553675293922424
Sample 15,Moirai,0.4446324110031128
Sample 16,Moirai,0.9873047471046448
Sample 16,Time-MoE,0.01269522774964571
Sample 17,Timer,0.6155169010162354
Sample 17,TimesFM,0.38448312878608704
Sample 18,Moirai,0.7517818808555603
Sample 18,Time-MoE,0.2482181191444397
Sample 19,Timer,0.6530410647392273
Sample 19,TimesFM,0.3469589352607727
Sample 20,Time-MoE,0.9628464579582214
Sample 20,Moirai,0.037153542041778564
Sample 21,Timer,0.7577961683273315
Sample 21,TimesFM,0.24220383167266846
Sample 22,Timer,0.6203163266181946
Sample 22,Chronos,0.3796837031841278
Sample 23,Time-MoE,0.5426735877990723
Sample 23,Timer,0.45732638239860535
Sample 24,Moirai,0.9724639058113098
Sample 24,Time-MoE,0.027536027133464813
Sample 25,TimesFM,0.6434741020202637
Sample 25,Timer,0.35652589797973633
Sample 26,Time-MoE,0.936373233795166
Sample 26,Chronos,0.06362679600715637
Sample 27,TimesFM,0.6855441331863403
Sample 27,Timer,0.31445586681365967
Sample 28,Time-MoE,0.6938335299491882
Sample 28,Moirai,0.30616652965545654
Sample 29,TimesFM,0.6192752122879028
Sample 29,Timer,0.38072478771209717
Sample 30,Timer,0.7270374894142151
Sample 30,Time-MoE,0.2729624807834625
Sample 31,Time-MoE,0.5935993790626526
Sample 31,Moirai,0.4064006209373474
Sample 0,Moirai,0.9996427297592163
Sample 0,Chronos,0.0003572617133613676
Sample 1,Chronos,0.5635154247283936
Sample 1,TimesFM,0.43648451566696167
Sample 2,TimesFM,0.6114373803138733
Sample 2,Chronos,0.3885626494884491
Sample 3,Chronos,0.5003654360771179
Sample 3,TimesFM,0.4996345639228821
Sample 4,Time-MoE,0.5312443971633911
Sample 4,Chronos,0.46875566244125366
Sample 5,Chronos,0.5918954014778137
Sample 5,TimesFM,0.4081045687198639
Sample 6,Chronos,0.6742274165153503
Sample 6,Timer,0.32577261328697205
Sample 7,Moirai,0.5646123886108398
Sample 7,Time-MoE,0.43538764119148254
Sample 8,Moirai,0.9997836947441101
Sample 8,Timer,0.00021627578826155514
Sample 9,TimesFM,0.7016248106956482
Sample 9,Chronos,0.2983751893043518
Sample 10,Time-MoE,0.7265281677246094
Sample 10,Moirai,0.2734718918800354
Sample 11,Moirai,0.7436330914497375
Sample 11,Chronos,0.25636693835258484
Sample 12,Time-MoE,0.8908652067184448
Sample 12,Timer,0.10913479328155518
Sample 13,TimesFM,0.6942957639694214
Sample 13,Moirai,0.3057042062282562
Sample 14,Timer,0.6150215268135071
Sample 14,Time-MoE,0.38497844338417053
Sample 15,TimesFM,0.6378457546234131
Sample 15,Time-MoE,0.3621542751789093
Sample 16,Moirai,0.9920501112937927
Sample 16,TimesFM,0.007949914783239365
Sample 17,Timer,0.8994547128677368
Sample 17,TimesFM,0.1005452498793602
Sample 18,Chronos,0.5149267315864563
Sample 18,Timer,0.4850732684135437
Sample 19,TimesFM,0.9219045639038086
Sample 19,Timer,0.07809537649154663
Sample 20,Time-MoE,0.8813793063163757
Sample 20,Chronos,0.11862067878246307
Sample 21,TimesFM,0.5865137577056885
Sample 21,Timer,0.4134863018989563
Sample 22,Timer,0.5862160921096802
Sample 22,Chronos,0.4137839376926422
Sample 23,Time-MoE,0.7549803256988525
Sample 23,Moirai,0.24501967430114746
Sample 24,Moirai,0.9999401569366455
Sample 24,Chronos,5.983261144137941e-05
Sample 25,TimesFM,0.7751221656799316
Sample 25,Timer,0.22487780451774597
Sample 26,Moirai,0.6020053625106812
Sample 26,Time-MoE,0.39799460768699646
Sample 27,TimesFM,0.5818449854850769
Sample 27,Timer,0.4181549847126007
Sample 28,Moirai,0.7328419089317322
Sample 28,Time-MoE,0.26715806126594543
Sample 29,Chronos,0.6447829604148865
Sample 29,TimesFM,0.35521700978279114
Sample 30,Chronos,0.7544444799423218
Sample 30,Timer,0.24555552005767822
Sample 31,Moirai,0.7800992727279663
Sample 31,Timer,0.2199007272720337
Sample 0,Moirai,0.999872088432312
Sample 0,Chronos,0.00012787118612322956
Sample 1,Timer,0.5326262712478638
Sample 1,Chronos,0.46737369894981384
Sample 2,Timer,0.5374455451965332
Sample 2,Chronos,0.4625544250011444
Sample 3,TimesFM,0.7459978461265564
Sample 3,Timer,0.2540021240711212
Sample 4,Time-MoE,0.7537956237792969
Sample 4,Chronos,0.24620433151721954
Sample 5,Timer,0.5787044763565063
Sample 5,TimesFM,0.42129555344581604
Sample 6,Timer,0.5030667781829834
Sample 6,Moirai,0.4969332218170166
Sample 7,Moirai,0.6630924940109253
Sample 7,Chronos,0.3369075655937195
Sample 8,Moirai,0.9967013001441956
Sample 8,Chronos,0.0032986856531351805
Sample 9,TimesFM,0.5893121957778931
Sample 9,Timer,0.41068777441978455
Sample 10,Timer,0.5869201421737671
Sample 10,TimesFM,0.4130798280239105
Sample 11,TimesFM,0.5617066025733948
Sample 11,Chronos,0.4382933974266052
Sample 12,Timer,0.546512246131897
Sample 12,TimesFM,0.4534877836704254
Sample 13,Chronos,0.6967250108718872
Sample 13,Time-MoE,0.3032749891281128
Sample 14,Time-MoE,0.809786856174469
Sample 14,Moirai,0.190213143825531
Sample 15,Time-MoE,0.671180784702301
Sample 15,Chronos,0.32881924510002136
Sample 16,Moirai,0.9980702996253967
Sample 16,Chronos,0.001929701422341168
Sample 17,Chronos,0.5192444324493408
Sample 17,Moirai,0.4807555675506592
Sample 18,Timer,0.5162153840065002
Sample 18,Time-MoE,0.48378461599349976
Sample 19,TimesFM,0.8441146612167358
Sample 19,Chronos,0.15588530898094177
Sample 20,TimesFM,0.5376051664352417
Sample 20,Timer,0.4623948037624359
Sample 21,TimesFM,0.6881707310676575
Sample 21,Timer,0.31182926893234253
Sample 22,Timer,0.6753414869308472
Sample 22,Chronos,0.32465851306915283
Sample 23,Moirai,0.5705536007881165
Sample 23,Time-MoE,0.42944642901420593
Sample 24,Moirai,0.9951825737953186
Sample 24,Chronos,0.004817361477762461
Sample 25,TimesFM,0.5398788452148438
Sample 25,Timer,0.46012115478515625
Sample 26,Time-MoE,0.6057859659194946
Sample 26,Moirai,0.39421406388282776
Sample 27,Timer,0.5970883369445801
Sample 27,Time-MoE,0.4029116630554199
Sample 28,Chronos,0.9019120335578918
Sample 28,TimesFM,0.09808796644210815
Sample 29,Chronos,0.5161457657814026
Sample 29,Timer,0.4838542342185974
Sample 30,Timer,0.6094048023223877
Sample 30,Moirai,0.3905952274799347
Sample 31,Time-MoE,0.6446367502212524
Sample 31,Chronos,0.35536321997642517
Sample 0,Moirai,0.970136821269989
Sample 0,Chronos,0.029863229021430016
Sample 1,Timer,0.6728762984275818
Sample 1,Chronos,0.3271237015724182
Sample 2,Time-MoE,0.8649172782897949
Sample 2,Timer,0.13508272171020508
Sample 3,TimesFM,0.778850793838501
Sample 3,Timer,0.2211492359638214
Sample 4,Time-MoE,0.5320938229560852
Sample 4,Timer,0.4679062068462372
Sample 5,TimesFM,0.8192048072814941
Sample 5,Timer,0.18079525232315063
Sample 6,Chronos,0.7766205668449402
Sample 6,Time-MoE,0.22337941825389862
Sample 7,Moirai,0.5514442920684814
Sample 7,Time-MoE,0.44855570793151855
Sample 8,Moirai,0.9995020627975464
Sample 8,Timer,0.0004979140358045697
Sample 9,TimesFM,0.6021938920021057
Sample 9,Chronos,0.3978061079978943
Sample 10,TimesFM,0.5645788311958313
Sample 10,Timer,0.4354211390018463
Sample 11,TimesFM,0.5302475690841675
Sample 11,Timer,0.46975237131118774
Sample 12,Time-MoE,0.5093967318534851
Sample 12,Moirai,0.4906032383441925
Sample 13,Timer,0.5018682479858398
Sample 13,Moirai,0.49813175201416016
Sample 14,Timer,0.6488322615623474
Sample 14,Chronos,0.3511677086353302
Sample 15,Moirai,0.7119606733322144
Sample 15,Chronos,0.28803932666778564
